1-Wire/iButton Part Number: DS1923
1-Wire/iButton Registration Number: 0D000000149B3541
Mission in Progress?  true
SUTA Mission?  false
Waiting for Temperature Alarm?  false
Sample Rate:  Every 3600 second(s)
Mission Start Time:  Fri Oct 05 15:33:01 CDT 2012
Mission Sample Count:  4096
Roll Over Enabled?  false(no rollover occurred)
First Sample Timestamp:  Fri Oct 05 15:33:01 CDT 2012
Total Mission Samples:  4096
Total Device Samples:  16491
Temperature Logging:  0.5 C
Temperature High Alarm:  disabled
Temperature Low Alarm:  disabled
Data Logging:  0.6 %RH
Data High Alarm:  disabled
Data Low Alarm:  disabled

Date/Time,Unit,Value
10/5/12 3:33:01 PM,C,28.684
10/5/12 4:33:01 PM,C,28.684
10/5/12 5:33:01 PM,C,28.185
10/5/12 6:33:01 PM,C,24.185
10/5/12 7:33:01 PM,C,16.678
10/5/12 8:33:01 PM,C,13.17
10/5/12 9:33:01 PM,C,12.167
10/5/12 10:33:01 PM,C,11.164
10/5/12 11:33:01 PM,C,10.662
10/6/12 12:33:01 AM,C,11.164
10/6/12 1:33:01 AM,C,11.164
10/6/12 2:33:01 AM,C,10.662
10/6/12 3:33:01 AM,C,11.164
10/6/12 4:33:01 AM,C,9.659
10/6/12 5:33:01 AM,C,9.659
10/6/12 6:33:01 AM,C,9.157
10/6/12 7:33:01 AM,C,9.157
10/6/12 8:33:01 AM,C,9.157
10/6/12 9:33:01 AM,C,10.662
10/6/12 10:33:01 AM,C,19.682
10/6/12 11:33:01 AM,C,23.185
10/6/12 12:33:01 PM,C,26.185
10/6/12 1:33:01 PM,C,23.685
10/6/12 2:33:01 PM,C,22.685
10/6/12 3:33:01 PM,C,25.186
10/6/12 4:33:01 PM,C,27.185
10/6/12 5:33:01 PM,C,25.686
10/6/12 6:33:01 PM,C,21.684
10/6/12 7:33:01 PM,C,16.177
10/6/12 8:33:01 PM,C,12.668
10/6/12 9:33:01 PM,C,11.164
10/6/12 10:33:01 PM,C,10.161
10/6/12 11:33:01 PM,C,9.659
10/7/12 12:33:01 AM,C,9.659
10/7/12 1:33:01 AM,C,8.655
10/7/12 2:33:01 AM,C,5.644
10/7/12 3:33:01 AM,C,4.639
10/7/12 4:33:01 AM,C,3.132
10/7/12 5:33:01 AM,C,3.132
10/7/12 6:33:01 AM,C,4.137
10/7/12 7:33:01 AM,C,5.141
10/7/12 8:33:01 AM,C,5.141
10/7/12 9:33:01 AM,C,7.15
10/7/12 10:33:01 AM,C,13.671
10/7/12 11:33:01 AM,C,16.678
10/7/12 12:33:01 PM,C,20.183
10/7/12 1:33:01 PM,C,19.182
10/7/12 2:33:01 PM,C,18.681
10/7/12 3:33:01 PM,C,20.683
10/7/12 4:33:01 PM,C,23.185
10/7/12 5:33:01 PM,C,20.683
10/7/12 6:33:01 PM,C,18.681
10/7/12 7:33:01 PM,C,12.668
10/7/12 8:33:01 PM,C,9.157
10/7/12 9:33:01 PM,C,9.157
10/7/12 10:33:01 PM,C,7.652
10/7/12 11:33:01 PM,C,7.652
10/8/12 12:33:01 AM,C,6.648
10/8/12 1:33:01 AM,C,7.652
10/8/12 2:33:01 AM,C,7.15
10/8/12 3:33:01 AM,C,6.648
10/8/12 4:33:01 AM,C,6.648
10/8/12 5:33:01 AM,C,5.644
10/8/12 6:33:01 AM,C,6.146
10/8/12 7:33:01 AM,C,6.146
10/8/12 8:33:01 AM,C,6.146
10/8/12 9:33:01 AM,C,9.157
10/8/12 10:33:01 AM,C,22.185
10/8/12 11:33:01 AM,C,21.684
10/8/12 12:33:01 PM,C,24.185
10/8/12 1:33:01 PM,C,22.685
10/8/12 2:33:01 PM,C,21.684
10/8/12 3:33:01 PM,C,24.185
10/8/12 4:33:01 PM,C,25.186
10/8/12 5:33:01 PM,C,23.685
10/8/12 6:33:01 PM,C,20.683
10/8/12 7:33:01 PM,C,16.678
10/8/12 8:33:01 PM,C,16.177
10/8/12 9:33:01 PM,C,18.18
10/8/12 10:33:01 PM,C,15.174
10/8/12 11:33:01 PM,C,16.177
10/9/12 12:33:01 AM,C,16.177
10/9/12 1:33:01 AM,C,16.177
10/9/12 2:33:01 AM,C,16.177
10/9/12 3:33:01 AM,C,13.17
10/9/12 4:33:01 AM,C,15.174
10/9/12 5:33:01 AM,C,10.662
10/9/12 6:33:01 AM,C,9.659
10/9/12 7:33:01 AM,C,8.655
10/9/12 8:33:01 AM,C,9.157
10/9/12 9:33:01 AM,C,12.668
10/9/12 10:33:01 AM,C,20.683
10/9/12 11:33:01 AM,C,24.185
10/9/12 12:33:01 PM,C,24.686
10/9/12 1:33:01 PM,C,23.685
10/9/12 2:33:01 PM,C,23.685
10/9/12 3:33:01 PM,C,25.186
10/9/12 4:33:01 PM,C,26.185
10/9/12 5:33:01 PM,C,25.186
10/9/12 6:33:01 PM,C,21.684
10/9/12 7:33:01 PM,C,14.673
10/9/12 8:33:01 PM,C,11.665
10/9/12 9:33:01 PM,C,10.662
10/9/12 10:33:01 PM,C,10.662
10/9/12 11:33:01 PM,C,9.659
10/10/12 12:33:01 AM,C,9.659
10/10/12 1:33:01 AM,C,9.659
10/10/12 2:33:01 AM,C,9.157
10/10/12 3:33:01 AM,C,8.655
10/10/12 4:33:01 AM,C,8.655
10/10/12 5:33:01 AM,C,8.154
10/10/12 6:33:01 AM,C,8.154
10/10/12 7:33:01 AM,C,8.154
10/10/12 8:33:01 AM,C,8.655
10/10/12 9:33:01 AM,C,12.167
10/10/12 10:33:01 AM,C,21.184
10/10/12 11:33:01 AM,C,25.186
10/10/12 12:33:01 PM,C,27.185
10/10/12 1:33:01 PM,C,25.186
10/10/12 2:33:01 PM,C,23.685
10/10/12 3:33:01 PM,C,25.186
10/10/12 4:33:01 PM,C,26.685
10/10/12 5:33:01 PM,C,23.185
10/10/12 6:33:01 PM,C,19.182
10/10/12 7:33:01 PM,C,16.678
10/10/12 8:33:01 PM,C,16.678
10/10/12 9:33:01 PM,C,15.174
10/10/12 10:33:01 PM,C,15.676
10/10/12 11:33:01 PM,C,15.676
10/11/12 12:33:01 AM,C,16.177
10/11/12 1:33:01 AM,C,16.177
10/11/12 2:33:01 AM,C,15.676
10/11/12 3:33:01 AM,C,17.679
10/11/12 4:33:01 AM,C,17.178
10/11/12 5:33:01 AM,C,15.676
10/11/12 6:33:01 AM,C,16.678
10/11/12 7:33:01 AM,C,16.177
10/11/12 8:33:01 AM,C,16.177
10/11/12 9:33:01 AM,C,17.679
10/11/12 10:33:01 AM,C,19.182
10/11/12 11:33:01 AM,C,25.186
10/11/12 12:33:01 PM,C,27.185
10/11/12 1:33:01 PM,C,25.686
10/11/12 2:33:01 PM,C,25.186
10/11/12 3:33:01 PM,C,27.185
10/11/12 4:33:01 PM,C,25.686
10/11/12 5:33:01 PM,C,27.185
10/11/12 6:33:01 PM,C,22.685
10/11/12 7:33:01 PM,C,19.682
10/11/12 8:33:01 PM,C,19.182
10/11/12 9:33:01 PM,C,19.182
10/11/12 10:33:01 PM,C,18.18
10/11/12 11:33:01 PM,C,17.679
10/12/12 12:33:01 AM,C,17.178
10/12/12 1:33:01 AM,C,18.681
10/12/12 2:33:01 AM,C,18.681
10/12/12 3:33:01 AM,C,17.679
10/12/12 4:33:01 AM,C,16.678
10/12/12 5:33:01 AM,C,16.177
10/12/12 6:33:01 AM,C,17.679
10/12/12 7:33:01 AM,C,18.18
10/12/12 8:33:01 AM,C,17.679
10/12/12 9:33:01 AM,C,19.182
10/12/12 10:33:01 AM,C,19.182
10/12/12 11:33:01 AM,C,25.686
10/12/12 12:33:01 PM,C,27.685
10/12/12 1:33:01 PM,C,23.685
10/12/12 2:33:01 PM,C,23.685
10/12/12 3:33:01 PM,C,24.686
10/12/12 4:33:01 PM,C,24.185
10/12/12 5:33:01 PM,C,24.185
10/12/12 6:33:01 PM,C,21.184
10/12/12 7:33:01 PM,C,19.682
10/12/12 8:33:01 PM,C,19.182
10/12/12 9:33:01 PM,C,17.679
10/12/12 10:33:01 PM,C,18.681
10/12/12 11:33:01 PM,C,17.178
10/13/12 12:33:01 AM,C,17.178
10/13/12 1:33:01 AM,C,16.177
10/13/12 2:33:01 AM,C,15.174
10/13/12 3:33:01 AM,C,15.676
10/13/12 4:33:01 AM,C,15.676
10/13/12 5:33:01 AM,C,15.174
10/13/12 6:33:01 AM,C,14.673
10/13/12 7:33:01 AM,C,14.172
10/13/12 8:33:01 AM,C,14.673
10/13/12 9:33:01 AM,C,16.177
10/13/12 10:33:01 AM,C,19.182
10/13/12 11:33:01 AM,C,21.684
10/13/12 12:33:01 PM,C,22.185
10/13/12 1:33:01 PM,C,21.684
10/13/12 2:33:01 PM,C,21.184
10/13/12 3:33:01 PM,C,22.685
10/13/12 4:33:01 PM,C,22.685
10/13/12 5:33:01 PM,C,22.685
10/13/12 6:33:01 PM,C,19.182
10/13/12 7:33:01 PM,C,16.678
10/13/12 8:33:01 PM,C,17.178
10/13/12 9:33:01 PM,C,15.174
10/13/12 10:33:01 PM,C,11.164
10/13/12 11:33:01 PM,C,12.668
10/14/12 12:33:01 AM,C,8.154
10/14/12 1:33:01 AM,C,7.15
10/14/12 2:33:01 AM,C,6.146
10/14/12 3:33:01 AM,C,5.141
10/14/12 4:33:01 AM,C,5.644
10/14/12 5:33:01 AM,C,4.639
10/14/12 6:33:01 AM,C,5.141
10/14/12 7:33:01 AM,C,4.639
10/14/12 8:33:01 AM,C,4.639
10/14/12 9:33:01 AM,C,7.15
10/14/12 10:33:01 AM,C,14.673
10/14/12 11:33:01 AM,C,19.182
10/14/12 12:33:01 PM,C,21.684
10/14/12 1:33:01 PM,C,20.683
10/14/12 2:33:01 PM,C,20.683
10/14/12 3:33:01 PM,C,22.185
10/14/12 4:33:01 PM,C,23.185
10/14/12 5:33:01 PM,C,20.183
10/14/12 6:33:01 PM,C,15.676
10/14/12 7:33:01 PM,C,13.17
10/14/12 8:33:01 PM,C,10.662
10/14/12 9:33:01 PM,C,12.668
10/14/12 10:33:01 PM,C,12.668
10/14/12 11:33:01 PM,C,12.668
10/15/12 12:33:01 AM,C,12.167
10/15/12 1:33:01 AM,C,10.161
10/15/12 2:33:01 AM,C,10.161
10/15/12 3:33:01 AM,C,11.665
10/15/12 4:33:01 AM,C,10.161
10/15/12 5:33:01 AM,C,9.157
10/15/12 6:33:01 AM,C,8.154
10/15/12 7:33:01 AM,C,8.154
10/15/12 8:33:01 AM,C,8.154
10/15/12 9:33:01 AM,C,12.167
10/15/12 10:33:01 AM,C,17.178
10/15/12 11:33:01 AM,C,18.681
10/15/12 12:33:01 PM,C,19.182
10/15/12 1:33:01 PM,C,19.182
10/15/12 2:33:01 PM,C,20.183
10/15/12 3:33:01 PM,C,21.184
10/15/12 4:33:01 PM,C,20.183
10/15/12 5:33:01 PM,C,18.681
10/15/12 6:33:01 PM,C,17.178
10/15/12 7:33:01 PM,C,16.177
10/15/12 8:33:01 PM,C,15.174
10/15/12 9:33:01 PM,C,14.673
10/15/12 10:33:01 PM,C,15.174
10/15/12 11:33:01 PM,C,15.174
10/16/12 12:33:01 AM,C,14.673
10/16/12 1:33:01 AM,C,14.673
10/16/12 2:33:01 AM,C,14.172
10/16/12 3:33:01 AM,C,14.172
10/16/12 4:33:01 AM,C,13.671
10/16/12 5:33:01 AM,C,13.17
10/16/12 6:33:01 AM,C,12.668
10/16/12 7:33:01 AM,C,13.671
10/16/12 8:33:01 AM,C,13.17
10/16/12 9:33:01 AM,C,14.172
10/16/12 10:33:01 AM,C,16.678
10/16/12 11:33:01 AM,C,16.177
10/16/12 12:33:01 PM,C,17.679
10/16/12 1:33:01 PM,C,18.18
10/16/12 2:33:01 PM,C,20.683
10/16/12 3:33:01 PM,C,20.683
10/16/12 4:33:01 PM,C,19.682
10/16/12 5:33:01 PM,C,19.682
10/16/12 6:33:01 PM,C,17.679
10/16/12 7:33:01 PM,C,16.177
10/16/12 8:33:01 PM,C,16.177
10/16/12 9:33:01 PM,C,15.676
10/16/12 10:33:01 PM,C,15.676
10/16/12 11:33:01 PM,C,15.676
10/17/12 12:33:01 AM,C,15.174
10/17/12 1:33:01 AM,C,16.177
10/17/12 2:33:01 AM,C,16.177
10/17/12 3:33:01 AM,C,16.177
10/17/12 4:33:01 AM,C,15.676
10/17/12 5:33:01 AM,C,14.673
10/17/12 6:33:01 AM,C,14.673
10/17/12 7:33:01 AM,C,14.172
10/17/12 8:33:01 AM,C,13.671
10/17/12 9:33:01 AM,C,15.174
10/17/12 10:33:01 AM,C,18.681
10/17/12 11:33:01 AM,C,19.182
10/17/12 12:33:01 PM,C,20.183
10/17/12 1:33:01 PM,C,24.185
10/17/12 2:33:01 PM,C,22.185
10/17/12 3:33:01 PM,C,24.185
10/17/12 4:33:01 PM,C,25.686
10/17/12 5:33:01 PM,C,23.685
10/17/12 6:33:01 PM,C,21.184
10/17/12 7:33:01 PM,C,17.679
10/17/12 8:33:01 PM,C,15.174
10/17/12 9:33:01 PM,C,12.668
10/17/12 10:33:01 PM,C,12.167
10/17/12 11:33:01 PM,C,14.172
10/18/12 12:33:01 AM,C,13.671
10/18/12 1:33:01 AM,C,16.177
10/18/12 2:33:01 AM,C,17.178
10/18/12 3:33:01 AM,C,17.178
10/18/12 4:33:01 AM,C,16.177
10/18/12 5:33:01 AM,C,16.177
10/18/12 6:33:01 AM,C,14.673
10/18/12 7:33:01 AM,C,10.662
10/18/12 8:33:01 AM,C,8.655
10/18/12 9:33:01 AM,C,11.665
10/18/12 10:33:01 AM,C,19.182
10/18/12 11:33:01 AM,C,22.685
10/18/12 12:33:01 PM,C,24.686
10/18/12 1:33:01 PM,C,24.185
10/18/12 2:33:01 PM,C,23.685
10/18/12 3:33:01 PM,C,26.185
10/18/12 4:33:01 PM,C,26.185
10/18/12 5:33:01 PM,C,24.185
10/18/12 6:33:01 PM,C,20.183
10/18/12 7:33:01 PM,C,16.678
10/18/12 8:33:01 PM,C,12.668
10/18/12 9:33:01 PM,C,10.161
10/18/12 10:33:01 PM,C,9.659
10/18/12 11:33:01 PM,C,9.157
10/19/12 12:33:01 AM,C,8.655
10/19/12 1:33:01 AM,C,8.154
10/19/12 2:33:01 AM,C,7.652
10/19/12 3:33:01 AM,C,7.15
10/19/12 4:33:01 AM,C,6.648
10/19/12 5:33:01 AM,C,7.15
10/19/12 6:33:01 AM,C,6.648
10/19/12 7:33:01 AM,C,7.15
10/19/12 8:33:01 AM,C,7.15
10/19/12 9:33:01 AM,C,9.659
10/19/12 10:33:01 AM,C,21.684
10/19/12 11:33:01 AM,C,23.185
10/19/12 12:33:01 PM,C,24.686
10/19/12 1:33:01 PM,C,25.186
10/19/12 2:33:01 PM,C,25.186
10/19/12 3:33:01 PM,C,25.686
10/19/12 4:33:01 PM,C,27.185
10/19/12 5:33:01 PM,C,25.186
10/19/12 6:33:01 PM,C,20.683
10/19/12 7:33:01 PM,C,14.172
10/19/12 8:33:01 PM,C,11.665
10/19/12 9:33:01 PM,C,10.662
10/19/12 10:33:01 PM,C,10.662
10/19/12 11:33:01 PM,C,12.167
10/20/12 12:33:01 AM,C,17.178
10/20/12 1:33:01 AM,C,16.678
10/20/12 2:33:01 AM,C,17.178
10/20/12 3:33:01 AM,C,17.178
10/20/12 4:33:01 AM,C,13.671
10/20/12 5:33:01 AM,C,15.174
10/20/12 6:33:01 AM,C,14.673
10/20/12 7:33:01 AM,C,17.178
10/20/12 8:33:01 AM,C,15.174
10/20/12 9:33:01 AM,C,18.18
10/20/12 10:33:01 AM,C,21.184
10/20/12 11:33:01 AM,C,23.685
10/20/12 12:33:01 PM,C,22.185
10/20/12 1:33:01 PM,C,22.185
10/20/12 2:33:01 PM,C,23.185
10/20/12 3:33:01 PM,C,27.185
10/20/12 4:33:01 PM,C,23.685
10/20/12 5:33:01 PM,C,22.685
10/20/12 6:33:01 PM,C,22.685
10/20/12 7:33:01 PM,C,16.177
10/20/12 8:33:01 PM,C,13.671
10/20/12 9:33:01 PM,C,12.668
10/20/12 10:33:01 PM,C,11.665
10/20/12 11:33:01 PM,C,11.665
10/21/12 12:33:01 AM,C,11.164
10/21/12 1:33:01 AM,C,12.167
10/21/12 2:33:01 AM,C,11.665
10/21/12 3:33:01 AM,C,12.167
10/21/12 4:33:01 AM,C,13.17
10/21/12 5:33:01 AM,C,10.161
10/21/12 6:33:01 AM,C,9.659
10/21/12 7:33:01 AM,C,9.157
10/21/12 8:33:01 AM,C,8.655
10/21/12 9:33:01 AM,C,9.659
10/21/12 10:33:01 AM,C,20.683
10/21/12 11:33:01 AM,C,22.185
10/21/12 12:33:01 PM,C,23.185
10/21/12 1:33:01 PM,C,23.685
10/21/12 2:33:01 PM,C,25.186
10/21/12 3:33:01 PM,C,26.185
10/21/12 4:33:01 PM,C,27.185
10/21/12 5:33:01 PM,C,26.185
10/21/12 6:33:01 PM,C,22.185
10/21/12 7:33:01 PM,C,16.177
10/21/12 8:33:01 PM,C,14.673
10/21/12 9:33:01 PM,C,13.17
10/21/12 10:33:01 PM,C,12.167
10/21/12 11:33:01 PM,C,14.673
10/22/12 12:33:01 AM,C,13.671
10/22/12 1:33:01 AM,C,9.659
10/22/12 2:33:01 AM,C,10.662
10/22/12 3:33:01 AM,C,10.662
10/22/12 4:33:01 AM,C,10.662
10/22/12 5:33:01 AM,C,11.665
10/22/12 6:33:01 AM,C,10.662
10/22/12 7:33:01 AM,C,10.662
10/22/12 8:33:01 AM,C,14.172
10/22/12 9:33:01 AM,C,17.178
10/22/12 10:33:01 AM,C,19.682
10/22/12 11:33:01 AM,C,22.185
10/22/12 12:33:01 PM,C,24.185
10/22/12 1:33:01 PM,C,22.685
10/22/12 2:33:01 PM,C,22.685
10/22/12 3:33:01 PM,C,23.685
10/22/12 4:33:01 PM,C,25.186
10/22/12 5:33:01 PM,C,22.685
10/22/12 6:33:01 PM,C,19.182
10/22/12 7:33:01 PM,C,13.17
10/22/12 8:33:01 PM,C,11.164
10/22/12 9:33:01 PM,C,9.157
10/22/12 10:33:01 PM,C,9.157
10/22/12 11:33:01 PM,C,8.655
10/23/12 12:33:01 AM,C,8.655
10/23/12 1:33:01 AM,C,8.655
10/23/12 2:33:01 AM,C,9.659
10/23/12 3:33:01 AM,C,11.665
10/23/12 4:33:01 AM,C,12.668
10/23/12 5:33:01 AM,C,10.161
10/23/12 6:33:01 AM,C,9.157
10/23/12 7:33:01 AM,C,8.154
10/23/12 8:33:01 AM,C,7.652
10/23/12 9:33:01 AM,C,8.655
10/23/12 10:33:01 AM,C,20.683
10/23/12 11:33:01 AM,C,23.185
10/23/12 12:33:01 PM,C,27.685
10/23/12 1:33:01 PM,C,26.185
10/23/12 2:33:01 PM,C,25.186
10/23/12 3:33:01 PM,C,27.685
10/23/12 4:33:01 PM,C,28.684
10/23/12 5:33:01 PM,C,27.185
10/23/12 6:33:01 PM,C,21.184
10/23/12 7:33:01 PM,C,15.676
10/23/12 8:33:01 PM,C,13.17
10/23/12 9:33:01 PM,C,12.668
10/23/12 10:33:01 PM,C,16.678
10/23/12 11:33:01 PM,C,16.678
10/24/12 12:33:01 AM,C,18.681
10/24/12 1:33:01 AM,C,18.18
10/24/12 2:33:01 AM,C,19.182
10/24/12 3:33:01 AM,C,18.18
10/24/12 4:33:01 AM,C,17.178
10/24/12 5:33:01 AM,C,17.679
10/24/12 6:33:01 AM,C,18.18
10/24/12 7:33:01 AM,C,17.679
10/24/12 8:33:01 AM,C,17.679
10/24/12 9:33:01 AM,C,19.182
10/24/12 10:33:01 AM,C,21.684
10/24/12 11:33:01 AM,C,24.185
10/24/12 12:33:01 PM,C,27.685
10/24/12 1:33:01 PM,C,26.185
10/24/12 2:33:01 PM,C,26.685
10/24/12 3:33:01 PM,C,28.684
10/24/12 4:33:01 PM,C,27.185
10/24/12 5:33:01 PM,C,26.685
10/24/12 6:33:01 PM,C,23.685
10/24/12 7:33:01 PM,C,17.679
10/24/12 8:33:01 PM,C,13.671
10/24/12 9:33:01 PM,C,11.665
10/24/12 10:33:01 PM,C,10.662
10/24/12 11:33:01 PM,C,10.161
10/25/12 12:33:01 AM,C,12.167
10/25/12 1:33:01 AM,C,11.164
10/25/12 2:33:01 AM,C,13.17
10/25/12 3:33:01 AM,C,15.174
10/25/12 4:33:01 AM,C,13.671
10/25/12 5:33:01 AM,C,10.161
10/25/12 6:33:01 AM,C,7.652
10/25/12 7:33:01 AM,C,7.652
10/25/12 8:33:01 AM,C,9.659
10/25/12 9:33:01 AM,C,12.668
10/25/12 10:33:01 AM,C,18.18
10/25/12 11:33:01 AM,C,20.683
10/25/12 12:33:01 PM,C,23.185
10/25/12 1:33:01 PM,C,21.684
10/25/12 2:33:01 PM,C,22.185
10/25/12 3:33:01 PM,C,23.685
10/25/12 4:33:01 PM,C,23.185
10/25/12 5:33:01 PM,C,19.182
10/25/12 6:33:01 PM,C,15.676
10/25/12 7:33:01 PM,C,13.17
10/25/12 8:33:01 PM,C,8.655
10/25/12 9:33:01 PM,C,7.15
10/25/12 10:33:01 PM,C,6.146
10/25/12 11:33:01 PM,C,5.141
10/26/12 12:33:01 AM,C,4.137
10/26/12 1:33:01 AM,C,3.635
10/26/12 2:33:01 AM,C,3.132
10/26/12 3:33:01 AM,C,2.127
10/26/12 4:33:01 AM,C,2.63
10/26/12 5:33:01 AM,C,2.63
10/26/12 6:33:01 AM,C,2.127
10/26/12 7:33:01 AM,C,1.122
10/26/12 8:33:01 AM,C,1.122
10/26/12 9:33:01 AM,C,1.122
10/26/12 10:33:01 AM,C,2.127
10/26/12 11:33:01 AM,C,6.146
10/26/12 12:33:01 PM,C,9.157
10/26/12 1:33:01 PM,C,9.157
10/26/12 2:33:01 PM,C,8.655
10/26/12 3:33:01 PM,C,9.659
10/26/12 4:33:01 PM,C,9.157
10/26/12 5:33:01 PM,C,7.15
10/26/12 6:33:01 PM,C,5.141
10/26/12 7:33:01 PM,C,4.137
10/26/12 8:33:01 PM,C,4.137
10/26/12 9:33:01 PM,C,3.635
10/26/12 10:33:01 PM,C,4.137
10/26/12 11:33:01 PM,C,3.635
10/27/12 12:33:01 AM,C,3.132
10/27/12 1:33:01 AM,C,2.127
10/27/12 2:33:01 AM,C,1.625
10/27/12 3:33:01 AM,C,0.117
10/27/12 4:33:01 AM,C,1.122
10/27/12 5:33:01 AM,C,2.127
10/27/12 6:33:01 AM,C,3.132
10/27/12 7:33:01 AM,C,3.635
10/27/12 8:33:01 AM,C,4.137
10/27/12 9:33:01 AM,C,5.141
10/27/12 10:33:01 AM,C,6.648
10/27/12 11:33:01 AM,C,8.655
10/27/12 12:33:01 PM,C,9.157
10/27/12 1:33:01 PM,C,11.665
10/27/12 2:33:01 PM,C,14.172
10/27/12 3:33:01 PM,C,15.174
10/27/12 4:33:01 PM,C,16.678
10/27/12 5:33:01 PM,C,15.174
10/27/12 6:33:01 PM,C,11.665
10/27/12 7:33:01 PM,C,7.652
10/27/12 8:33:01 PM,C,5.644
10/27/12 9:33:01 PM,C,4.137
10/27/12 10:33:01 PM,C,4.639
10/27/12 11:33:01 PM,C,4.137
10/28/12 12:33:01 AM,C,3.635
10/28/12 1:33:01 AM,C,3.132
10/28/12 1:33:01 AM,C,2.127
10/28/12 2:33:01 AM,C,2.127
10/28/12 3:33:01 AM,C,1.625
10/28/12 4:33:01 AM,C,1.625
10/28/12 5:33:01 AM,C,1.625
10/28/12 6:33:01 AM,C,1.122
10/28/12 7:33:01 AM,C,1.625
10/28/12 8:33:01 AM,C,2.63
10/28/12 9:33:01 AM,C,15.676
10/28/12 10:33:01 AM,C,17.679
10/28/12 11:33:01 AM,C,19.682
10/28/12 12:33:01 PM,C,19.682
10/28/12 1:33:01 PM,C,19.182
10/28/12 2:33:01 PM,C,20.683
10/28/12 3:33:01 PM,C,22.185
10/28/12 4:33:01 PM,C,19.182
10/28/12 5:33:01 PM,C,13.17
10/28/12 6:33:01 PM,C,9.157
10/28/12 7:33:01 PM,C,6.648
10/28/12 8:33:01 PM,C,6.146
10/28/12 9:33:01 PM,C,8.655
10/28/12 10:33:01 PM,C,6.146
10/28/12 11:33:01 PM,C,5.644
10/29/12 12:33:01 AM,C,5.141
10/29/12 1:33:01 AM,C,4.137
10/29/12 2:33:01 AM,C,4.137
10/29/12 3:33:01 AM,C,5.644
10/29/12 4:33:01 AM,C,4.639
10/29/12 5:33:01 AM,C,4.137
10/29/12 6:33:01 AM,C,3.635
10/29/12 7:33:01 AM,C,3.635
10/29/12 8:33:01 AM,C,4.137
10/29/12 9:33:01 AM,C,18.18
10/29/12 10:33:01 AM,C,21.184
10/29/12 11:33:01 AM,C,23.685
10/29/12 12:33:01 PM,C,21.184
10/29/12 1:33:01 PM,C,20.683
10/29/12 2:33:01 PM,C,23.685
10/29/12 3:33:01 PM,C,23.185
10/29/12 4:33:01 PM,C,20.683
10/29/12 5:33:01 PM,C,16.678
10/29/12 6:33:01 PM,C,10.662
10/29/12 7:33:01 PM,C,8.154
10/29/12 8:33:01 PM,C,7.15
10/29/12 9:33:01 PM,C,6.648
10/29/12 10:33:01 PM,C,6.146
10/29/12 11:33:01 PM,C,6.648
10/30/12 12:33:01 AM,C,5.141
10/30/12 1:33:01 AM,C,3.635
10/30/12 2:33:01 AM,C,3.635
10/30/12 3:33:01 AM,C,5.141
10/30/12 4:33:01 AM,C,5.141
10/30/12 5:33:01 AM,C,4.137
10/30/12 6:33:01 AM,C,4.137
10/30/12 7:33:01 AM,C,4.639
10/30/12 8:33:01 AM,C,6.648
10/30/12 9:33:01 AM,C,19.182
10/30/12 10:33:01 AM,C,19.682
10/30/12 11:33:01 AM,C,24.185
10/30/12 12:33:01 PM,C,23.685
10/30/12 1:33:01 PM,C,23.185
10/30/12 2:33:01 PM,C,24.185
10/30/12 3:33:01 PM,C,24.185
10/30/12 4:33:01 PM,C,22.185
10/30/12 5:33:01 PM,C,16.678
10/30/12 6:33:01 PM,C,9.659
10/30/12 7:33:01 PM,C,7.652
10/30/12 8:33:01 PM,C,6.648
10/30/12 9:33:01 PM,C,5.644
10/30/12 10:33:01 PM,C,4.639
10/30/12 11:33:01 PM,C,4.639
10/31/12 12:33:01 AM,C,4.137
10/31/12 1:33:01 AM,C,3.635
10/31/12 2:33:01 AM,C,3.132
10/31/12 3:33:01 AM,C,3.132
10/31/12 4:33:01 AM,C,3.132
10/31/12 5:33:01 AM,C,3.132
10/31/12 6:33:01 AM,C,2.63
10/31/12 7:33:01 AM,C,2.63
10/31/12 8:33:01 AM,C,4.137
10/31/12 9:33:01 AM,C,17.679
10/31/12 10:33:01 AM,C,21.684
10/31/12 11:33:01 AM,C,24.686
10/31/12 12:33:01 PM,C,22.685
10/31/12 1:33:01 PM,C,23.185
10/31/12 2:33:01 PM,C,25.186
10/31/12 3:33:01 PM,C,24.686
10/31/12 4:33:01 PM,C,23.185
10/31/12 5:33:01 PM,C,15.174
10/31/12 6:33:01 PM,C,10.161
10/31/12 7:33:01 PM,C,7.652
10/31/12 8:33:01 PM,C,6.648
10/31/12 9:33:01 PM,C,7.652
10/31/12 10:33:01 PM,C,6.648
10/31/12 11:33:01 PM,C,5.141
11/1/12 12:33:01 AM,C,4.639
11/1/12 1:33:01 AM,C,4.639
11/1/12 2:33:01 AM,C,3.635
11/1/12 3:33:01 AM,C,3.635
11/1/12 4:33:01 AM,C,3.635
11/1/12 5:33:01 AM,C,3.132
11/1/12 6:33:01 AM,C,3.132
11/1/12 7:33:01 AM,C,3.132
11/1/12 8:33:01 AM,C,4.137
11/1/12 9:33:01 AM,C,16.678
11/1/12 10:33:01 AM,C,21.184
11/1/12 11:33:01 AM,C,24.686
11/1/12 12:33:01 PM,C,22.185
11/1/12 1:33:01 PM,C,22.685
11/1/12 2:33:01 PM,C,24.686
11/1/12 3:33:01 PM,C,24.185
11/1/12 4:33:01 PM,C,22.685
11/1/12 5:33:01 PM,C,15.676
11/1/12 6:33:01 PM,C,9.659
11/1/12 7:33:01 PM,C,7.652
11/1/12 8:33:01 PM,C,7.15
11/1/12 9:33:01 PM,C,6.648
11/1/12 10:33:01 PM,C,8.154
11/1/12 11:33:01 PM,C,8.154
11/2/12 12:33:01 AM,C,9.659
11/2/12 1:33:01 AM,C,8.154
11/2/12 2:33:01 AM,C,8.655
11/2/12 3:33:01 AM,C,12.668
11/2/12 4:33:01 AM,C,12.668
11/2/12 5:33:01 AM,C,12.167
11/2/12 6:33:01 AM,C,11.164
11/2/12 7:33:01 AM,C,8.655
11/2/12 8:33:01 AM,C,8.154
11/2/12 9:33:01 AM,C,20.683
11/2/12 10:33:01 AM,C,21.684
11/2/12 11:33:01 AM,C,22.685
11/2/12 12:33:01 PM,C,22.685
11/2/12 1:33:01 PM,C,21.684
11/2/12 2:33:01 PM,C,24.686
11/2/12 3:33:01 PM,C,22.685
11/2/12 4:33:01 PM,C,21.184
11/2/12 5:33:01 PM,C,16.678
11/2/12 6:33:01 PM,C,10.662
11/2/12 7:33:01 PM,C,10.161
11/2/12 8:33:01 PM,C,8.655
11/2/12 9:33:01 PM,C,7.652
11/2/12 10:33:01 PM,C,10.161
11/2/12 11:33:01 PM,C,13.671
11/3/12 12:33:01 AM,C,11.665
11/3/12 1:33:01 AM,C,9.659
11/3/12 2:33:01 AM,C,13.671
11/3/12 3:33:01 AM,C,13.671
11/3/12 4:33:01 AM,C,13.17
11/3/12 5:33:01 AM,C,11.164
11/3/12 6:33:01 AM,C,8.655
11/3/12 7:33:01 AM,C,6.648
11/3/12 8:33:01 AM,C,7.15
11/3/12 9:33:01 AM,C,18.18
11/3/12 10:33:01 AM,C,19.182
11/3/12 11:33:01 AM,C,22.185
11/3/12 12:33:01 PM,C,20.183
11/3/12 1:33:01 PM,C,15.676
11/3/12 2:33:01 PM,C,8.655
11/3/12 3:33:01 PM,C,15.174
11/3/12 4:33:01 PM,C,16.678
11/3/12 5:33:01 PM,C,11.665
11/3/12 6:33:01 PM,C,9.157
11/3/12 7:33:01 PM,C,6.146
11/3/12 8:33:01 PM,C,5.141
11/3/12 9:33:01 PM,C,4.639
11/3/12 10:33:01 PM,C,4.639
11/3/12 11:33:01 PM,C,5.644
11/4/12 12:33:01 AM,C,7.15
11/4/12 1:33:01 AM,C,6.146
11/4/12 2:33:01 AM,C,4.639
11/4/12 3:33:01 AM,C,4.639
11/4/12 4:33:01 AM,C,4.137
11/4/12 5:33:01 AM,C,4.137
11/4/12 6:33:01 AM,C,3.132
11/4/12 7:33:01 AM,C,3.635
11/4/12 8:33:01 AM,C,4.639
11/4/12 9:33:01 AM,C,16.678
11/4/12 10:33:01 AM,C,19.682
11/4/12 11:33:01 AM,C,20.183
11/4/12 12:33:01 PM,C,18.18
11/4/12 1:33:01 PM,C,17.679
11/4/12 2:33:01 PM,C,18.18
11/4/12 3:33:01 PM,C,21.184
11/4/12 4:33:01 PM,C,19.682
11/4/12 5:33:01 PM,C,16.177
11/4/12 6:33:01 PM,C,9.659
11/4/12 7:33:01 PM,C,7.15
11/4/12 8:33:01 PM,C,6.146
11/4/12 9:33:01 PM,C,5.644
11/4/12 10:33:01 PM,C,6.146
11/4/12 11:33:01 PM,C,5.141
11/5/12 12:33:01 AM,C,5.141
11/5/12 1:33:01 AM,C,4.639
11/5/12 2:33:01 AM,C,5.141
11/5/12 3:33:01 AM,C,4.137
11/5/12 4:33:01 AM,C,4.137
11/5/12 5:33:01 AM,C,4.137
11/5/12 6:33:01 AM,C,3.635
11/5/12 7:33:01 AM,C,3.132
11/5/12 8:33:01 AM,C,5.141
11/5/12 9:33:01 AM,C,18.18
11/5/12 10:33:01 AM,C,18.681
11/5/12 11:33:01 AM,C,21.184
11/5/12 12:33:01 PM,C,20.183
11/5/12 1:33:01 PM,C,20.183
11/5/12 2:33:01 PM,C,21.684
11/5/12 3:33:01 PM,C,20.683
11/5/12 4:33:01 PM,C,20.183
11/5/12 5:33:01 PM,C,11.665
11/5/12 6:33:01 PM,C,7.15
11/5/12 7:33:01 PM,C,5.644
11/5/12 8:33:01 PM,C,5.141
11/5/12 9:33:01 PM,C,5.141
11/5/12 10:33:01 PM,C,5.141
11/5/12 11:33:01 PM,C,4.639
11/6/12 12:33:01 AM,C,5.141
11/6/12 1:33:01 AM,C,4.639
11/6/12 2:33:01 AM,C,4.137
11/6/12 3:33:01 AM,C,3.635
11/6/12 4:33:01 AM,C,4.137
11/6/12 5:33:01 AM,C,3.635
11/6/12 6:33:01 AM,C,3.635
11/6/12 7:33:01 AM,C,3.635
11/6/12 8:33:01 AM,C,4.639
11/6/12 9:33:01 AM,C,19.682
11/6/12 10:33:01 AM,C,20.183
11/6/12 11:33:01 AM,C,22.685
11/6/12 12:33:01 PM,C,23.185
11/6/12 1:33:01 PM,C,22.685
11/6/12 2:33:01 PM,C,24.185
11/6/12 3:33:01 PM,C,23.685
11/6/12 4:33:01 PM,C,23.685
11/6/12 5:33:01 PM,C,13.17
11/6/12 6:33:01 PM,C,8.154
11/6/12 7:33:01 PM,C,6.648
11/6/12 8:33:01 PM,C,6.146
11/6/12 9:33:01 PM,C,5.644
11/6/12 10:33:01 PM,C,4.639
11/6/12 11:33:01 PM,C,4.639
11/7/12 12:33:01 AM,C,4.639
11/7/12 1:33:01 AM,C,3.635
11/7/12 2:33:01 AM,C,3.635
11/7/12 3:33:01 AM,C,3.635
11/7/12 4:33:01 AM,C,3.635
11/7/12 5:33:01 AM,C,3.132
11/7/12 6:33:01 AM,C,3.635
11/7/12 7:33:01 AM,C,3.635
11/7/12 8:33:01 AM,C,5.141
11/7/12 9:33:01 AM,C,20.683
11/7/12 10:33:01 AM,C,20.683
11/7/12 11:33:01 AM,C,23.185
11/7/12 12:33:01 PM,C,23.185
11/7/12 1:33:01 PM,C,22.685
11/7/12 2:33:01 PM,C,25.186
11/7/12 3:33:01 PM,C,24.686
11/7/12 4:33:01 PM,C,25.186
11/7/12 5:33:01 PM,C,13.671
11/7/12 6:33:01 PM,C,9.659
11/7/12 7:33:01 PM,C,7.652
11/7/12 8:33:01 PM,C,7.15
11/7/12 9:33:01 PM,C,7.652
11/7/12 10:33:01 PM,C,12.167
11/7/12 11:33:01 PM,C,7.15
11/8/12 12:33:01 AM,C,8.655
11/8/12 1:33:01 AM,C,11.665
11/8/12 2:33:01 AM,C,14.673
11/8/12 3:33:01 AM,C,14.673
11/8/12 4:33:01 AM,C,13.671
11/8/12 5:33:01 AM,C,12.668
11/8/12 6:33:01 AM,C,13.17
11/8/12 7:33:01 AM,C,14.172
11/8/12 8:33:01 AM,C,15.174
11/8/12 9:33:01 AM,C,19.682
11/8/12 10:33:01 AM,C,20.183
11/8/12 11:33:01 AM,C,23.685
11/8/12 12:33:01 PM,C,22.185
11/8/12 1:33:01 PM,C,20.183
11/8/12 2:33:01 PM,C,23.185
11/8/12 3:33:01 PM,C,20.683
11/8/12 4:33:01 PM,C,21.184
11/8/12 5:33:01 PM,C,18.18
11/8/12 6:33:01 PM,C,13.671
11/8/12 7:33:01 PM,C,13.671
11/8/12 8:33:01 PM,C,11.164
11/8/12 9:33:01 PM,C,8.655
11/8/12 10:33:01 PM,C,9.157
11/8/12 11:33:01 PM,C,9.157
11/9/12 12:33:01 AM,C,8.154
11/9/12 1:33:01 AM,C,8.655
11/9/12 2:33:01 AM,C,7.652
11/9/12 3:33:01 AM,C,6.648
11/9/12 4:33:01 AM,C,6.648
11/9/12 5:33:01 AM,C,5.644
11/9/12 6:33:01 AM,C,5.644
11/9/12 7:33:01 AM,C,7.15
11/9/12 8:33:01 AM,C,10.161
11/9/12 9:33:01 AM,C,19.682
11/9/12 10:33:01 AM,C,19.182
11/9/12 11:33:01 AM,C,20.183
11/9/12 12:33:01 PM,C,20.683
11/9/12 1:33:01 PM,C,21.184
11/9/12 2:33:01 PM,C,22.685
11/9/12 3:33:01 PM,C,23.185
11/9/12 4:33:01 PM,C,23.185
11/9/12 5:33:01 PM,C,16.177
11/9/12 6:33:01 PM,C,12.167
11/9/12 7:33:01 PM,C,14.172
11/9/12 8:33:01 PM,C,17.178
11/9/12 9:33:01 PM,C,15.676
11/9/12 10:33:01 PM,C,14.172
11/9/12 11:33:01 PM,C,14.673
11/10/12 12:33:01 AM,C,13.17
11/10/12 1:33:01 AM,C,13.17
11/10/12 2:33:01 AM,C,14.172
11/10/12 3:33:01 AM,C,15.174
11/10/12 4:33:01 AM,C,15.174
11/10/12 5:33:01 AM,C,15.174
11/10/12 6:33:01 AM,C,15.174
11/10/12 7:33:01 AM,C,15.174
11/10/12 8:33:01 AM,C,15.174
11/10/12 9:33:01 AM,C,18.681
11/10/12 10:33:01 AM,C,19.682
11/10/12 11:33:01 AM,C,20.183
11/10/12 12:33:01 PM,C,19.182
11/10/12 1:33:01 PM,C,19.682
11/10/12 2:33:01 PM,C,17.679
11/10/12 3:33:01 PM,C,18.18
11/10/12 4:33:01 PM,C,17.679
11/10/12 5:33:01 PM,C,17.679
11/10/12 6:33:01 PM,C,16.678
11/10/12 7:33:01 PM,C,18.18
11/10/12 8:33:01 PM,C,17.679
11/10/12 9:33:01 PM,C,17.178
11/10/12 10:33:01 PM,C,16.177
11/10/12 11:33:01 PM,C,14.673
11/11/12 12:33:01 AM,C,12.668
11/11/12 1:33:01 AM,C,11.164
11/11/12 2:33:01 AM,C,10.161
11/11/12 3:33:01 AM,C,9.157
11/11/12 4:33:01 AM,C,7.15
11/11/12 5:33:01 AM,C,3.132
11/11/12 6:33:01 AM,C,1.122
11/11/12 7:33:01 AM,C,2.63
11/11/12 8:33:01 AM,C,2.127
11/11/12 9:33:01 AM,C,7.652
11/11/12 10:33:01 AM,C,7.652
11/11/12 11:33:01 AM,C,9.659
11/11/12 12:33:01 PM,C,9.659
11/11/12 1:33:01 PM,C,9.157
11/11/12 2:33:01 PM,C,11.164
11/11/12 3:33:01 PM,C,11.164
11/11/12 4:33:01 PM,C,11.665
11/11/12 5:33:01 PM,C,6.146
11/11/12 6:33:01 PM,C,2.63
11/11/12 7:33:01 PM,C,1.122
11/11/12 8:33:01 PM,C,0.117
11/11/12 9:33:01 PM,C,-2.901
11/11/12 10:33:01 PM,C,-3.907
11/11/12 11:33:01 PM,C,-4.41
11/12/12 12:33:01 AM,C,-4.41
11/12/12 1:33:01 AM,C,-5.921
11/12/12 2:33:01 AM,C,-6.424
11/12/12 3:33:01 AM,C,-6.424
11/12/12 4:33:01 AM,C,-7.431
11/12/12 5:33:01 AM,C,-7.431
11/12/12 6:33:01 AM,C,-7.935
11/12/12 7:33:01 AM,C,-7.935
11/12/12 8:33:01 AM,C,-6.927
11/12/12 9:33:01 AM,C,6.146
11/12/12 10:33:01 AM,C,9.157
11/12/12 11:33:01 AM,C,13.17
11/12/12 12:33:01 PM,C,12.167
11/12/12 1:33:01 PM,C,12.668
11/12/12 2:33:01 PM,C,16.177
11/12/12 3:33:01 PM,C,14.673
11/12/12 4:33:01 PM,C,11.164
11/12/12 5:33:01 PM,C,7.652
11/12/12 6:33:01 PM,C,5.644
11/12/12 7:33:01 PM,C,3.635
11/12/12 8:33:01 PM,C,4.137
11/12/12 9:33:01 PM,C,4.137
11/12/12 10:33:01 PM,C,1.625
11/12/12 11:33:01 PM,C,0.619
11/13/12 12:33:01 AM,C,0.117
11/13/12 1:33:01 AM,C,0.619
11/13/12 2:33:01 AM,C,1.122
11/13/12 3:33:01 AM,C,1.625
11/13/12 4:33:01 AM,C,2.127
11/13/12 5:33:01 AM,C,2.63
11/13/12 6:33:01 AM,C,3.132
11/13/12 7:33:01 AM,C,4.137
11/13/12 8:33:01 AM,C,7.15
11/13/12 9:33:01 AM,C,7.652
11/13/12 10:33:01 AM,C,11.164
11/13/12 11:33:01 AM,C,11.665
11/13/12 12:33:01 PM,C,16.177
11/13/12 1:33:01 PM,C,16.177
11/13/12 2:33:01 PM,C,16.678
11/13/12 3:33:01 PM,C,16.678
11/13/12 4:33:01 PM,C,15.676
11/13/12 5:33:01 PM,C,7.652
11/13/12 6:33:01 PM,C,4.137
11/13/12 7:33:01 PM,C,2.63
11/13/12 8:33:01 PM,C,1.122
11/13/12 9:33:01 PM,C,0.117
11/13/12 10:33:01 PM,C,0.117
11/13/12 11:33:01 PM,C,-0.386
11/14/12 12:33:01 AM,C,-0.386
11/14/12 1:33:01 AM,C,-0.889
11/14/12 2:33:01 AM,C,-1.895
11/14/12 3:33:01 AM,C,-1.392
11/14/12 4:33:01 AM,C,-1.895
11/14/12 5:33:01 AM,C,-2.398
11/14/12 6:33:01 AM,C,-2.398
11/14/12 7:33:01 AM,C,-3.404
11/14/12 8:33:01 AM,C,-1.895
11/14/12 9:33:01 AM,C,11.665
11/14/12 10:33:01 AM,C,15.676
11/14/12 11:33:01 AM,C,18.681
11/14/12 12:33:01 PM,C,19.182
11/14/12 1:33:01 PM,C,18.18
11/14/12 2:33:01 PM,C,20.183
11/14/12 3:33:01 PM,C,20.183
11/14/12 4:33:01 PM,C,18.681
11/14/12 5:33:01 PM,C,8.655
11/14/12 6:33:01 PM,C,5.644
11/14/12 7:33:01 PM,C,9.157
11/14/12 8:33:01 PM,C,3.132
11/14/12 9:33:01 PM,C,2.63
11/14/12 10:33:01 PM,C,5.644
11/14/12 11:33:01 PM,C,11.665
11/15/12 12:33:01 AM,C,12.167
11/15/12 1:33:01 AM,C,11.164
11/15/12 2:33:01 AM,C,10.662
11/15/12 3:33:01 AM,C,7.15
11/15/12 4:33:01 AM,C,5.141
11/15/12 5:33:01 AM,C,5.141
11/15/12 6:33:01 AM,C,4.639
11/15/12 7:33:01 AM,C,4.137
11/15/12 8:33:01 AM,C,7.15
11/15/12 9:33:01 AM,C,17.178
11/15/12 10:33:01 AM,C,17.178
11/15/12 11:33:01 AM,C,20.683
11/15/12 12:33:01 PM,C,21.684
11/15/12 1:33:01 PM,C,20.683
11/15/12 2:33:01 PM,C,20.683
11/15/12 3:33:01 PM,C,20.683
11/15/12 4:33:01 PM,C,18.18
11/15/12 5:33:01 PM,C,11.665
11/15/12 6:33:01 PM,C,7.15
11/15/12 7:33:01 PM,C,5.644
11/15/12 8:33:01 PM,C,5.644
11/15/12 9:33:01 PM,C,5.644
11/15/12 10:33:01 PM,C,4.639
11/15/12 11:33:01 PM,C,4.137
11/16/12 12:33:01 AM,C,2.63
11/16/12 1:33:01 AM,C,2.63
11/16/12 2:33:01 AM,C,2.63
11/16/12 3:33:01 AM,C,3.635
11/16/12 4:33:01 AM,C,4.137
11/16/12 5:33:01 AM,C,4.137
11/16/12 6:33:01 AM,C,4.137
11/16/12 7:33:01 AM,C,3.635
11/16/12 8:33:01 AM,C,8.655
11/16/12 9:33:01 AM,C,11.164
11/16/12 10:33:01 AM,C,13.671
11/16/12 11:33:01 AM,C,17.178
11/16/12 12:33:01 PM,C,19.182
11/16/12 1:33:01 PM,C,18.681
11/16/12 2:33:01 PM,C,17.679
11/16/12 3:33:01 PM,C,17.679
11/16/12 4:33:01 PM,C,14.673
11/16/12 5:33:01 PM,C,11.665
11/16/12 6:33:01 PM,C,10.161
11/16/12 7:33:01 PM,C,6.146
11/16/12 8:33:01 PM,C,4.639
11/16/12 9:33:01 PM,C,3.635
11/16/12 10:33:01 PM,C,4.137
11/16/12 11:33:01 PM,C,4.137
11/17/12 12:33:01 AM,C,4.137
11/17/12 1:33:01 AM,C,10.161
11/17/12 2:33:01 AM,C,10.662
11/17/12 3:33:01 AM,C,8.154
11/17/12 4:33:01 AM,C,7.652
11/17/12 5:33:01 AM,C,10.161
11/17/12 6:33:01 AM,C,9.659
11/17/12 7:33:01 AM,C,6.648
11/17/12 8:33:01 AM,C,7.652
11/17/12 9:33:01 AM,C,18.681
11/17/12 10:33:01 AM,C,20.183
11/17/12 11:33:01 AM,C,21.684
11/17/12 12:33:01 PM,C,19.682
11/17/12 1:33:01 PM,C,21.184
11/17/12 2:33:01 PM,C,17.178
11/17/12 3:33:01 PM,C,19.182
11/17/12 4:33:01 PM,C,16.678
11/17/12 5:33:01 PM,C,15.174
11/17/12 6:33:01 PM,C,12.668
11/17/12 7:33:01 PM,C,11.665
11/17/12 8:33:01 PM,C,11.665
11/17/12 9:33:01 PM,C,11.665
11/17/12 10:33:01 PM,C,12.167
11/17/12 11:33:01 PM,C,13.17
11/18/12 12:33:01 AM,C,13.671
11/18/12 1:33:01 AM,C,12.668
11/18/12 2:33:01 AM,C,13.17
11/18/12 3:33:01 AM,C,13.17
11/18/12 4:33:01 AM,C,9.659
11/18/12 5:33:01 AM,C,8.655
11/18/12 6:33:01 AM,C,8.655
11/18/12 7:33:01 AM,C,8.154
11/18/12 8:33:01 AM,C,9.659
11/18/12 9:33:01 AM,C,13.671
11/18/12 10:33:01 AM,C,14.673
11/18/12 11:33:01 AM,C,15.174
11/18/12 12:33:01 PM,C,16.177
11/18/12 1:33:01 PM,C,16.177
11/18/12 2:33:01 PM,C,15.174
11/18/12 3:33:01 PM,C,15.174
11/18/12 4:33:01 PM,C,14.673
11/18/12 5:33:01 PM,C,13.17
11/18/12 6:33:01 PM,C,11.164
11/18/12 7:33:01 PM,C,10.161
11/18/12 8:33:01 PM,C,8.655
11/18/12 9:33:01 PM,C,10.161
11/18/12 10:33:01 PM,C,11.665
11/18/12 11:33:01 PM,C,9.157
11/19/12 12:33:01 AM,C,7.15
11/19/12 1:33:01 AM,C,6.146
11/19/12 2:33:01 AM,C,5.644
11/19/12 3:33:01 AM,C,5.141
11/19/12 4:33:01 AM,C,6.648
11/19/12 5:33:01 AM,C,6.648
11/19/12 6:33:01 AM,C,5.141
11/19/12 7:33:01 AM,C,4.137
11/19/12 8:33:01 AM,C,4.639
11/19/12 9:33:01 AM,C,15.676
11/19/12 10:33:01 AM,C,16.678
11/19/12 11:33:01 AM,C,18.681
11/19/12 12:33:01 PM,C,19.182
11/19/12 1:33:01 PM,C,19.182
11/19/12 2:33:01 PM,C,18.681
11/19/12 3:33:01 PM,C,18.681
11/19/12 4:33:01 PM,C,15.676
11/19/12 5:33:01 PM,C,13.671
11/19/12 6:33:01 PM,C,10.161
11/19/12 7:33:01 PM,C,8.655
11/19/12 8:33:01 PM,C,7.15
11/19/12 9:33:01 PM,C,5.644
11/19/12 10:33:01 PM,C,5.141
11/19/12 11:33:01 PM,C,4.137
11/20/12 12:33:01 AM,C,3.635
11/20/12 1:33:01 AM,C,3.635
11/20/12 2:33:01 AM,C,3.132
11/20/12 3:33:01 AM,C,2.127
11/20/12 4:33:01 AM,C,2.63
11/20/12 5:33:01 AM,C,2.63
11/20/12 6:33:01 AM,C,2.127
11/20/12 7:33:01 AM,C,1.625
11/20/12 8:33:01 AM,C,2.63
11/20/12 9:33:01 AM,C,13.671
11/20/12 10:33:01 AM,C,18.681
11/20/12 11:33:01 AM,C,21.184
11/20/12 12:33:01 PM,C,20.183
11/20/12 1:33:01 PM,C,19.682
11/20/12 2:33:01 PM,C,22.685
11/20/12 3:33:01 PM,C,20.183
11/20/12 4:33:01 PM,C,18.18
11/20/12 5:33:01 PM,C,15.174
11/20/12 6:33:01 PM,C,12.668
11/20/12 7:33:01 PM,C,12.167
11/20/12 8:33:01 PM,C,12.167
11/20/12 9:33:01 PM,C,11.665
11/20/12 10:33:01 PM,C,8.655
11/20/12 11:33:01 PM,C,10.161
11/21/12 12:33:01 AM,C,12.167
11/21/12 1:33:01 AM,C,11.665
11/21/12 2:33:01 AM,C,11.665
11/21/12 3:33:01 AM,C,11.665
11/21/12 4:33:01 AM,C,12.668
11/21/12 5:33:01 AM,C,11.665
11/21/12 6:33:01 AM,C,11.665
11/21/12 7:33:01 AM,C,12.167
11/21/12 8:33:01 AM,C,12.668
11/21/12 9:33:01 AM,C,13.671
11/21/12 10:33:01 AM,C,15.174
11/21/12 11:33:01 AM,C,18.18
11/21/12 12:33:01 PM,C,18.18
11/21/12 1:33:01 PM,C,15.174
11/21/12 2:33:01 PM,C,14.172
11/21/12 3:33:01 PM,C,13.17
11/21/12 4:33:01 PM,C,14.673
11/21/12 5:33:01 PM,C,13.17
11/21/12 6:33:01 PM,C,9.157
11/21/12 7:33:01 PM,C,8.655
11/21/12 8:33:01 PM,C,9.659
11/21/12 9:33:01 PM,C,8.154
11/21/12 10:33:01 PM,C,9.659
11/21/12 11:33:01 PM,C,11.665
11/22/12 12:33:01 AM,C,11.665
11/22/12 1:33:01 AM,C,11.164
11/22/12 2:33:01 AM,C,10.161
11/22/12 3:33:01 AM,C,10.662
11/22/12 4:33:01 AM,C,9.659
11/22/12 5:33:01 AM,C,8.655
11/22/12 6:33:01 AM,C,6.146
11/22/12 7:33:01 AM,C,5.141
11/22/12 8:33:01 AM,C,6.146
11/22/12 9:33:01 AM,C,16.678
11/22/12 10:33:01 AM,C,18.18
11/22/12 11:33:01 AM,C,20.183
11/22/12 12:33:01 PM,C,18.681
11/22/12 1:33:01 PM,C,19.682
11/22/12 2:33:01 PM,C,21.684
11/22/12 3:33:01 PM,C,20.683
11/22/12 4:33:01 PM,C,18.681
11/22/12 5:33:01 PM,C,12.167
11/22/12 6:33:01 PM,C,8.655
11/22/12 7:33:01 PM,C,7.652
11/22/12 8:33:01 PM,C,6.648
11/22/12 9:33:01 PM,C,6.648
11/22/12 10:33:01 PM,C,6.146
11/22/12 11:33:01 PM,C,4.639
11/23/12 12:33:01 AM,C,4.639
11/23/12 1:33:01 AM,C,4.137
11/23/12 2:33:01 AM,C,5.141
11/23/12 3:33:01 AM,C,3.132
11/23/12 4:33:01 AM,C,3.132
11/23/12 5:33:01 AM,C,1.625
11/23/12 6:33:01 AM,C,0.619
11/23/12 7:33:01 AM,C,-0.889
11/23/12 8:33:01 AM,C,-0.889
11/23/12 9:33:01 AM,C,7.15
11/23/12 10:33:01 AM,C,6.648
11/23/12 11:33:01 AM,C,10.161
11/23/12 12:33:01 PM,C,9.157
11/23/12 1:33:01 PM,C,12.167
11/23/12 2:33:01 PM,C,14.673
11/23/12 3:33:01 PM,C,12.167
11/23/12 4:33:01 PM,C,10.161
11/23/12 5:33:01 PM,C,6.146
11/23/12 6:33:01 PM,C,3.132
11/23/12 7:33:01 PM,C,4.137
11/23/12 8:33:01 PM,C,3.635
11/23/12 9:33:01 PM,C,5.141
11/23/12 10:33:01 PM,C,4.639
11/23/12 11:33:01 PM,C,0.619
11/24/12 12:33:01 AM,C,-0.386
11/24/12 1:33:01 AM,C,-0.889
11/24/12 2:33:01 AM,C,-1.392
11/24/12 3:33:01 AM,C,-1.392
11/24/12 4:33:01 AM,C,-0.889
11/24/12 5:33:01 AM,C,2.127
11/24/12 6:33:01 AM,C,4.639
11/24/12 7:33:01 AM,C,8.154
11/24/12 8:33:01 AM,C,8.655
11/24/12 9:33:01 AM,C,12.668
11/24/12 10:33:01 AM,C,13.17
11/24/12 11:33:01 AM,C,14.673
11/24/12 12:33:01 PM,C,16.678
11/24/12 1:33:01 PM,C,16.177
11/24/12 2:33:01 PM,C,18.18
11/24/12 3:33:01 PM,C,16.678
11/24/12 4:33:01 PM,C,14.673
11/24/12 5:33:01 PM,C,8.655
11/24/12 6:33:01 PM,C,5.644
11/24/12 7:33:01 PM,C,5.141
11/24/12 8:33:01 PM,C,5.141
11/24/12 9:33:01 PM,C,7.652
11/24/12 10:33:01 PM,C,9.157
11/24/12 11:33:01 PM,C,9.157
11/25/12 12:33:01 AM,C,9.157
11/25/12 1:33:01 AM,C,8.655
11/25/12 2:33:01 AM,C,9.659
11/25/12 3:33:01 AM,C,10.161
11/25/12 4:33:01 AM,C,9.659
11/25/12 5:33:01 AM,C,9.659
11/25/12 6:33:01 AM,C,6.648
11/25/12 7:33:01 AM,C,6.146
11/25/12 8:33:01 AM,C,8.154
11/25/12 9:33:01 AM,C,15.676
11/25/12 10:33:01 AM,C,14.673
11/25/12 11:33:01 AM,C,18.18
11/25/12 12:33:01 PM,C,17.178
11/25/12 1:33:01 PM,C,18.18
11/25/12 2:33:01 PM,C,19.182
11/25/12 3:33:01 PM,C,18.681
11/25/12 4:33:01 PM,C,15.676
11/25/12 5:33:01 PM,C,14.172
11/25/12 6:33:01 PM,C,10.662
11/25/12 7:33:01 PM,C,7.15
11/25/12 8:33:01 PM,C,6.146
11/25/12 9:33:01 PM,C,5.141
11/25/12 10:33:01 PM,C,5.644
11/25/12 11:33:01 PM,C,5.644
11/26/12 12:33:01 AM,C,5.141
11/26/12 1:33:01 AM,C,6.146
11/26/12 2:33:01 AM,C,7.652
11/26/12 3:33:01 AM,C,8.154
11/26/12 4:33:01 AM,C,5.141
11/26/12 5:33:01 AM,C,5.141
11/26/12 6:33:01 AM,C,4.639
11/26/12 7:33:01 AM,C,4.639
11/26/12 8:33:01 AM,C,8.154
11/26/12 9:33:01 AM,C,17.178
11/26/12 10:33:01 AM,C,16.177
11/26/12 11:33:01 AM,C,17.178
11/26/12 12:33:01 PM,C,20.183
11/26/12 1:33:01 PM,C,17.679
11/26/12 2:33:01 PM,C,17.178
11/26/12 3:33:01 PM,C,16.678
11/26/12 4:33:01 PM,C,16.177
11/26/12 5:33:01 PM,C,13.671
11/26/12 6:33:01 PM,C,9.157
11/26/12 7:33:01 PM,C,8.655
11/26/12 8:33:01 PM,C,7.652
11/26/12 9:33:01 PM,C,5.644
11/26/12 10:33:01 PM,C,3.635
11/26/12 11:33:01 PM,C,2.63
11/27/12 12:33:01 AM,C,3.132
11/27/12 1:33:01 AM,C,0.619
11/27/12 2:33:01 AM,C,-0.889
11/27/12 3:33:01 AM,C,-2.398
11/27/12 4:33:01 AM,C,-3.404
11/27/12 5:33:01 AM,C,-3.404
11/27/12 6:33:01 AM,C,-2.901
11/27/12 7:33:01 AM,C,-3.404
11/27/12 8:33:01 AM,C,0.117
11/27/12 9:33:01 AM,C,11.164
11/27/12 10:33:01 AM,C,16.177
11/27/12 11:33:01 AM,C,18.681
11/27/12 12:33:01 PM,C,17.178
11/27/12 1:33:01 PM,C,17.178
11/27/12 2:33:01 PM,C,18.681
11/27/12 3:33:01 PM,C,17.679
11/27/12 4:33:01 PM,C,14.673
11/27/12 5:33:01 PM,C,7.652
11/27/12 6:33:01 PM,C,4.639
11/27/12 7:33:01 PM,C,3.132
11/27/12 8:33:01 PM,C,2.63
11/27/12 9:33:01 PM,C,1.625
11/27/12 10:33:01 PM,C,1.122
11/27/12 11:33:01 PM,C,1.122
11/28/12 12:33:01 AM,C,1.122
11/28/12 1:33:01 AM,C,0.619
11/28/12 2:33:01 AM,C,2.127
11/28/12 3:33:01 AM,C,4.639
11/28/12 4:33:01 AM,C,4.137
11/28/12 5:33:01 AM,C,6.146
11/28/12 6:33:01 AM,C,3.635
11/28/12 7:33:01 AM,C,7.15
11/28/12 8:33:01 AM,C,4.137
11/28/12 9:33:01 AM,C,14.673
11/28/12 10:33:01 AM,C,16.177
11/28/12 11:33:01 AM,C,17.679
11/28/12 12:33:01 PM,C,18.18
11/28/12 1:33:01 PM,C,19.182
11/28/12 2:33:01 PM,C,20.183
11/28/12 3:33:01 PM,C,18.681
11/28/12 4:33:01 PM,C,16.177
11/28/12 5:33:01 PM,C,10.161
11/28/12 6:33:01 PM,C,6.648
11/28/12 7:33:01 PM,C,7.652
11/28/12 8:33:01 PM,C,6.648
11/28/12 9:33:01 PM,C,8.154
11/28/12 10:33:01 PM,C,7.652
11/28/12 11:33:01 PM,C,6.648
11/29/12 12:33:01 AM,C,9.157
11/29/12 1:33:01 AM,C,9.659
11/29/12 2:33:01 AM,C,8.655
11/29/12 3:33:01 AM,C,7.15
11/29/12 4:33:01 AM,C,4.639
11/29/12 5:33:01 AM,C,4.137
11/29/12 6:33:01 AM,C,3.635
11/29/12 7:33:01 AM,C,3.635
11/29/12 8:33:01 AM,C,3.635
11/29/12 9:33:01 AM,C,12.668
11/29/12 10:33:01 AM,C,16.177
11/29/12 11:33:01 AM,C,19.682
11/29/12 12:33:01 PM,C,18.18
11/29/12 1:33:01 PM,C,18.18
11/29/12 2:33:01 PM,C,20.183
11/29/12 3:33:01 PM,C,19.182
11/29/12 4:33:01 PM,C,16.678
11/29/12 5:33:01 PM,C,9.157
11/29/12 6:33:01 PM,C,6.146
11/29/12 7:33:01 PM,C,5.141
11/29/12 8:33:01 PM,C,4.137
11/29/12 9:33:01 PM,C,4.639
11/29/12 10:33:01 PM,C,4.639
11/29/12 11:33:01 PM,C,6.648
11/30/12 12:33:01 AM,C,5.141
11/30/12 1:33:01 AM,C,5.644
11/30/12 2:33:01 AM,C,8.655
11/30/12 3:33:01 AM,C,10.662
11/30/12 4:33:01 AM,C,8.655
11/30/12 5:33:01 AM,C,7.652
11/30/12 6:33:01 AM,C,5.141
11/30/12 7:33:01 AM,C,3.132
11/30/12 8:33:01 AM,C,3.635
11/30/12 9:33:01 AM,C,18.18
11/30/12 10:33:01 AM,C,17.178
11/30/12 11:33:01 AM,C,19.682
11/30/12 12:33:01 PM,C,19.182
11/30/12 1:33:01 PM,C,19.682
11/30/12 2:33:01 PM,C,20.183
11/30/12 3:33:01 PM,C,20.183
11/30/12 4:33:01 PM,C,17.178
11/30/12 5:33:01 PM,C,13.17
11/30/12 6:33:01 PM,C,8.154
11/30/12 7:33:01 PM,C,6.146
11/30/12 8:33:01 PM,C,5.644
11/30/12 9:33:01 PM,C,5.141
11/30/12 10:33:01 PM,C,8.154
11/30/12 11:33:01 PM,C,12.668
12/1/12 12:33:01 AM,C,11.665
12/1/12 1:33:01 AM,C,12.668
12/1/12 2:33:01 AM,C,11.164
12/1/12 3:33:01 AM,C,8.655
12/1/12 4:33:01 AM,C,9.157
12/1/12 5:33:01 AM,C,12.167
12/1/12 6:33:01 AM,C,11.164
12/1/12 7:33:01 AM,C,8.154
12/1/12 8:33:01 AM,C,7.652
12/1/12 9:33:01 AM,C,18.18
12/1/12 10:33:01 AM,C,19.682
12/1/12 11:33:01 AM,C,22.685
12/1/12 12:33:01 PM,C,20.683
12/1/12 1:33:01 PM,C,20.683
12/1/12 2:33:01 PM,C,23.185
12/1/12 3:33:01 PM,C,21.184
12/1/12 4:33:01 PM,C,18.681
12/1/12 5:33:01 PM,C,11.164
12/1/12 6:33:01 PM,C,8.655
12/1/12 7:33:01 PM,C,6.146
12/1/12 8:33:01 PM,C,5.644
12/1/12 9:33:01 PM,C,4.639
12/1/12 10:33:01 PM,C,5.644
12/1/12 11:33:01 PM,C,5.644
12/2/12 12:33:01 AM,C,10.161
12/2/12 1:33:01 AM,C,8.154
12/2/12 2:33:01 AM,C,6.146
12/2/12 3:33:01 AM,C,7.15
12/2/12 4:33:01 AM,C,5.644
12/2/12 5:33:01 AM,C,4.639
12/2/12 6:33:01 AM,C,4.137
12/2/12 7:33:01 AM,C,3.132
12/2/12 8:33:01 AM,C,3.635
12/2/12 9:33:01 AM,C,12.668
12/2/12 10:33:01 AM,C,19.682
12/2/12 11:33:01 AM,C,23.185
12/2/12 12:33:01 PM,C,21.684
12/2/12 1:33:01 PM,C,22.685
12/2/12 2:33:01 PM,C,21.684
12/2/12 3:33:01 PM,C,19.682
12/2/12 4:33:01 PM,C,18.18
12/2/12 5:33:01 PM,C,16.678
12/2/12 6:33:01 PM,C,9.659
12/2/12 7:33:01 PM,C,8.154
12/2/12 8:33:01 PM,C,7.652
12/2/12 9:33:01 PM,C,7.15
12/2/12 10:33:01 PM,C,7.15
12/2/12 11:33:01 PM,C,6.648
12/3/12 12:33:01 AM,C,6.146
12/3/12 1:33:01 AM,C,7.15
12/3/12 2:33:01 AM,C,5.644
12/3/12 3:33:01 AM,C,4.639
12/3/12 4:33:01 AM,C,6.146
12/3/12 5:33:01 AM,C,4.137
12/3/12 6:33:01 AM,C,3.635
12/3/12 7:33:01 AM,C,3.635
12/3/12 8:33:01 AM,C,9.157
12/3/12 9:33:01 AM,C,17.178
12/3/12 10:33:01 AM,C,17.178
12/3/12 11:33:01 AM,C,18.681
12/3/12 12:33:01 PM,C,18.18
12/3/12 1:33:01 PM,C,18.18
12/3/12 2:33:01 PM,C,19.682
12/3/12 3:33:01 PM,C,19.182
12/3/12 4:33:01 PM,C,16.678
12/3/12 5:33:01 PM,C,11.665
12/3/12 6:33:01 PM,C,7.15
12/3/12 7:33:01 PM,C,8.154
12/3/12 8:33:01 PM,C,7.652
12/3/12 9:33:01 PM,C,5.644
12/3/12 10:33:01 PM,C,3.635
12/3/12 11:33:01 PM,C,4.639
12/4/12 12:33:01 AM,C,4.639
12/4/12 1:33:01 AM,C,3.635
12/4/12 2:33:01 AM,C,3.132
12/4/12 3:33:01 AM,C,3.132
12/4/12 4:33:01 AM,C,3.635
12/4/12 5:33:01 AM,C,4.137
12/4/12 6:33:01 AM,C,4.639
12/4/12 7:33:01 AM,C,5.644
12/4/12 8:33:01 AM,C,3.132
12/4/12 9:33:01 AM,C,8.655
12/4/12 10:33:01 AM,C,15.676
12/4/12 11:33:01 AM,C,17.679
12/4/12 12:33:01 PM,C,17.679
12/4/12 1:33:01 PM,C,18.18
12/4/12 2:33:01 PM,C,18.681
12/4/12 3:33:01 PM,C,17.679
12/4/12 4:33:01 PM,C,13.17
12/4/12 5:33:01 PM,C,10.161
12/4/12 6:33:01 PM,C,6.648
12/4/12 7:33:01 PM,C,4.137
12/4/12 8:33:01 PM,C,2.63
12/4/12 9:33:01 PM,C,2.127
12/4/12 10:33:01 PM,C,1.625
12/4/12 11:33:01 PM,C,1.122
12/5/12 12:33:01 AM,C,0.619
12/5/12 1:33:01 AM,C,0.117
12/5/12 2:33:01 AM,C,0.117
12/5/12 3:33:01 AM,C,0.117
12/5/12 4:33:01 AM,C,0.117
12/5/12 5:33:01 AM,C,0.619
12/5/12 6:33:01 AM,C,0.619
12/5/12 7:33:01 AM,C,3.132
12/5/12 8:33:01 AM,C,6.648
12/5/12 9:33:01 AM,C,14.172
12/5/12 10:33:01 AM,C,16.177
12/5/12 11:33:01 AM,C,19.182
12/5/12 12:33:01 PM,C,16.678
12/5/12 1:33:01 PM,C,17.679
12/5/12 2:33:01 PM,C,18.681
12/5/12 3:33:01 PM,C,17.679
12/5/12 4:33:01 PM,C,15.676
12/5/12 5:33:01 PM,C,12.668
12/5/12 6:33:01 PM,C,10.662
12/5/12 7:33:01 PM,C,11.164
12/5/12 8:33:01 PM,C,6.648
12/5/12 9:33:01 PM,C,10.662
12/5/12 10:33:01 PM,C,12.668
12/5/12 11:33:01 PM,C,11.164
12/6/12 12:33:01 AM,C,11.164
12/6/12 1:33:01 AM,C,13.671
12/6/12 2:33:01 AM,C,12.167
12/6/12 3:33:01 AM,C,11.665
12/6/12 4:33:01 AM,C,10.662
12/6/12 5:33:01 AM,C,6.648
12/6/12 6:33:01 AM,C,6.648
12/6/12 7:33:01 AM,C,6.146
12/6/12 8:33:01 AM,C,9.157
12/6/12 9:33:01 AM,C,16.678
12/6/12 10:33:01 AM,C,18.18
12/6/12 11:33:01 AM,C,20.683
12/6/12 12:33:01 PM,C,20.183
12/6/12 1:33:01 PM,C,19.682
12/6/12 2:33:01 PM,C,20.183
12/6/12 3:33:01 PM,C,19.682
12/6/12 4:33:01 PM,C,17.178
12/6/12 5:33:01 PM,C,15.174
12/6/12 6:33:01 PM,C,8.154
12/6/12 7:33:01 PM,C,7.15
12/6/12 8:33:01 PM,C,7.652
12/6/12 9:33:01 PM,C,7.15
12/6/12 10:33:01 PM,C,7.15
12/6/12 11:33:01 PM,C,6.648
12/7/12 12:33:01 AM,C,7.652
12/7/12 1:33:01 AM,C,8.655
12/7/12 2:33:01 AM,C,9.659
12/7/12 3:33:01 AM,C,7.652
12/7/12 4:33:01 AM,C,10.662
12/7/12 5:33:01 AM,C,5.141
12/7/12 6:33:01 AM,C,4.639
12/7/12 7:33:01 AM,C,3.635
12/7/12 8:33:01 AM,C,4.639
12/7/12 9:33:01 AM,C,15.676
12/7/12 10:33:01 AM,C,16.678
12/7/12 11:33:01 AM,C,16.678
12/7/12 12:33:01 PM,C,17.679
12/7/12 1:33:01 PM,C,17.178
12/7/12 2:33:01 PM,C,18.18
12/7/12 3:33:01 PM,C,17.178
12/7/12 4:33:01 PM,C,15.676
12/7/12 5:33:01 PM,C,12.668
12/7/12 6:33:01 PM,C,6.648
12/7/12 7:33:01 PM,C,5.644
12/7/12 8:33:01 PM,C,4.137
12/7/12 9:33:01 PM,C,5.141
12/7/12 10:33:01 PM,C,3.132
12/7/12 11:33:01 PM,C,2.63
12/8/12 12:33:01 AM,C,1.625
12/8/12 1:33:01 AM,C,2.63
12/8/12 2:33:01 AM,C,2.63
12/8/12 3:33:01 AM,C,4.639
12/8/12 4:33:01 AM,C,4.137
12/8/12 5:33:01 AM,C,5.141
12/8/12 6:33:01 AM,C,3.132
12/8/12 7:33:01 AM,C,2.127
12/8/12 8:33:01 AM,C,2.63
12/8/12 9:33:01 AM,C,13.17
12/8/12 10:33:01 AM,C,14.172
12/8/12 11:33:01 AM,C,16.678
12/8/12 12:33:01 PM,C,15.676
12/8/12 1:33:01 PM,C,14.673
12/8/12 2:33:01 PM,C,16.177
12/8/12 3:33:01 PM,C,16.177
12/8/12 4:33:01 PM,C,13.671
12/8/12 5:33:01 PM,C,12.167
12/8/12 6:33:01 PM,C,11.164
12/8/12 7:33:01 PM,C,11.164
12/8/12 8:33:01 PM,C,10.662
12/8/12 9:33:01 PM,C,10.161
12/8/12 10:33:01 PM,C,10.161
12/8/12 11:33:01 PM,C,10.662
12/9/12 12:33:01 AM,C,10.662
12/9/12 1:33:01 AM,C,10.662
12/9/12 2:33:01 AM,C,9.659
12/9/12 3:33:01 AM,C,9.659
12/9/12 4:33:01 AM,C,9.157
12/9/12 5:33:01 AM,C,8.655
12/9/12 6:33:01 AM,C,8.154
12/9/12 7:33:01 AM,C,7.652
12/9/12 8:33:01 AM,C,7.652
12/9/12 9:33:01 AM,C,11.164
12/9/12 10:33:01 AM,C,12.668
12/9/12 11:33:01 AM,C,14.172
12/9/12 12:33:01 PM,C,14.172
12/9/12 1:33:01 PM,C,12.167
12/9/12 2:33:01 PM,C,15.174
12/9/12 3:33:01 PM,C,15.174
12/9/12 4:33:01 PM,C,13.17
12/9/12 5:33:01 PM,C,11.665
12/9/12 6:33:01 PM,C,9.157
12/9/12 7:33:01 PM,C,4.639
12/9/12 8:33:01 PM,C,4.639
12/9/12 9:33:01 PM,C,6.648
12/9/12 10:33:01 PM,C,9.157
12/9/12 11:33:01 PM,C,1.625
12/10/12 12:33:01 AM,C,-0.386
12/10/12 1:33:01 AM,C,-4.41
12/10/12 2:33:01 AM,C,-5.417
12/10/12 3:33:01 AM,C,-5.921
12/10/12 4:33:01 AM,C,-6.927
12/10/12 5:33:01 AM,C,-6.927
12/10/12 6:33:01 AM,C,-6.927
12/10/12 7:33:01 AM,C,-4.41
12/10/12 8:33:01 AM,C,-0.889
12/10/12 9:33:01 AM,C,2.63
12/10/12 10:33:01 AM,C,5.141
12/10/12 11:33:01 AM,C,6.146
12/10/12 12:33:01 PM,C,5.644
12/10/12 1:33:01 PM,C,6.648
12/10/12 2:33:01 PM,C,7.652
12/10/12 3:33:01 PM,C,7.15
12/10/12 4:33:01 PM,C,4.639
12/10/12 5:33:01 PM,C,2.63
12/10/12 6:33:01 PM,C,1.625
12/10/12 7:33:01 PM,C,0.619
12/10/12 8:33:01 PM,C,1.625
12/10/12 9:33:01 PM,C,1.625
12/10/12 10:33:01 PM,C,1.122
12/10/12 11:33:01 PM,C,1.625
12/11/12 12:33:01 AM,C,1.625
12/11/12 1:33:01 AM,C,-2.901
12/11/12 2:33:01 AM,C,-3.907
12/11/12 3:33:01 AM,C,-5.417
12/11/12 4:33:01 AM,C,-5.417
12/11/12 5:33:01 AM,C,-5.921
12/11/12 6:33:01 AM,C,-5.921
12/11/12 7:33:01 AM,C,-6.424
12/11/12 8:33:01 AM,C,-5.417
12/11/12 9:33:01 AM,C,0.117
12/11/12 10:33:01 AM,C,8.655
12/11/12 11:33:01 AM,C,10.662
12/11/12 12:33:01 PM,C,9.157
12/11/12 1:33:01 PM,C,9.157
12/11/12 2:33:01 PM,C,10.161
12/11/12 3:33:01 PM,C,9.157
12/11/12 4:33:01 PM,C,6.648
12/11/12 5:33:01 PM,C,3.635
12/11/12 6:33:01 PM,C,0.619
12/11/12 7:33:01 PM,C,-3.404
12/11/12 8:33:01 PM,C,-4.914
12/11/12 9:33:01 PM,C,-5.921
12/11/12 10:33:01 PM,C,-6.424
12/11/12 11:33:01 PM,C,-6.424
12/12/12 12:33:01 AM,C,-6.424
12/12/12 1:33:01 AM,C,-5.921
12/12/12 2:33:01 AM,C,-6.424
12/12/12 3:33:01 AM,C,-6.424
12/12/12 4:33:01 AM,C,-5.921
12/12/12 5:33:01 AM,C,-0.386
12/12/12 6:33:01 AM,C,2.63
12/12/12 7:33:01 AM,C,2.63
12/12/12 8:33:01 AM,C,5.141
12/12/12 9:33:01 AM,C,10.161
12/12/12 10:33:01 AM,C,13.17
12/12/12 11:33:01 AM,C,14.172
12/12/12 12:33:01 PM,C,13.17
12/12/12 1:33:01 PM,C,13.671
12/12/12 2:33:01 PM,C,15.174
12/12/12 3:33:01 PM,C,14.673
12/12/12 4:33:01 PM,C,12.167
12/12/12 5:33:01 PM,C,10.161
12/12/12 6:33:01 PM,C,8.154
12/12/12 7:33:01 PM,C,8.154
12/12/12 8:33:01 PM,C,7.652
12/12/12 9:33:01 PM,C,8.655
12/12/12 10:33:01 PM,C,4.137
12/12/12 11:33:01 PM,C,0.117
12/13/12 12:33:01 AM,C,8.154
12/13/12 1:33:01 AM,C,8.154
12/13/12 2:33:01 AM,C,5.644
12/13/12 3:33:01 AM,C,4.137
12/13/12 4:33:01 AM,C,5.644
12/13/12 5:33:01 AM,C,1.122
12/13/12 6:33:01 AM,C,0.619
12/13/12 7:33:01 AM,C,4.137
12/13/12 8:33:01 AM,C,5.644
12/13/12 9:33:01 AM,C,7.15
12/13/12 10:33:01 AM,C,16.177
12/13/12 11:33:01 AM,C,16.177
12/13/12 12:33:01 PM,C,15.174
12/13/12 1:33:01 PM,C,16.177
12/13/12 2:33:01 PM,C,17.679
12/13/12 3:33:01 PM,C,15.174
12/13/12 4:33:01 PM,C,14.172
12/13/12 5:33:01 PM,C,12.167
12/13/12 6:33:01 PM,C,10.662
12/13/12 7:33:01 PM,C,10.662
12/13/12 8:33:01 PM,C,11.164
12/13/12 9:33:01 PM,C,11.164
12/13/12 10:33:01 PM,C,10.662
12/13/12 11:33:01 PM,C,10.662
12/14/12 12:33:01 AM,C,11.665
12/14/12 1:33:01 AM,C,11.164
12/14/12 2:33:01 AM,C,10.161
12/14/12 3:33:01 AM,C,10.161
12/14/12 4:33:01 AM,C,11.164
12/14/12 5:33:01 AM,C,10.161
12/14/12 6:33:01 AM,C,9.659
12/14/12 7:33:01 AM,C,9.157
12/14/12 8:33:01 AM,C,9.157
12/14/12 9:33:01 AM,C,10.161
12/14/12 10:33:01 AM,C,10.161
12/14/12 11:33:01 AM,C,11.665
12/14/12 12:33:01 PM,C,12.668
12/14/12 1:33:01 PM,C,15.174
12/14/12 2:33:01 PM,C,13.671
12/14/12 3:33:01 PM,C,14.172
12/14/12 4:33:01 PM,C,8.655
12/14/12 5:33:01 PM,C,6.648
12/14/12 6:33:01 PM,C,5.644
12/14/12 7:33:01 PM,C,5.644
12/14/12 8:33:01 PM,C,6.146
12/14/12 9:33:01 PM,C,5.141
12/14/12 10:33:01 PM,C,4.137
12/14/12 11:33:01 PM,C,4.137
12/15/12 12:33:01 AM,C,3.635
12/15/12 1:33:01 AM,C,3.132
12/15/12 2:33:01 AM,C,3.132
12/15/12 3:33:01 AM,C,3.132
12/15/12 4:33:01 AM,C,4.137
12/15/12 5:33:01 AM,C,6.648
12/15/12 6:33:01 AM,C,7.15
12/15/12 7:33:01 AM,C,7.652
12/15/12 8:33:01 AM,C,7.652
12/15/12 9:33:01 AM,C,8.154
12/15/12 10:33:01 AM,C,10.662
12/15/12 11:33:01 AM,C,13.17
12/15/12 12:33:01 PM,C,13.17
12/15/12 1:33:01 PM,C,11.164
12/15/12 2:33:01 PM,C,10.662
12/15/12 3:33:01 PM,C,10.161
12/15/12 4:33:01 PM,C,10.662
12/15/12 5:33:01 PM,C,9.157
12/15/12 6:33:01 PM,C,7.652
12/15/12 7:33:01 PM,C,4.639
12/15/12 8:33:01 PM,C,3.132
12/15/12 9:33:01 PM,C,3.635
12/15/12 10:33:01 PM,C,4.137
12/15/12 11:33:01 PM,C,7.15
12/16/12 12:33:01 AM,C,5.644
12/16/12 1:33:01 AM,C,5.141
12/16/12 2:33:01 AM,C,1.122
12/16/12 3:33:01 AM,C,2.63
12/16/12 4:33:01 AM,C,4.639
12/16/12 5:33:01 AM,C,4.137
12/16/12 6:33:01 AM,C,3.635
12/16/12 7:33:01 AM,C,3.132
12/16/12 8:33:01 AM,C,3.132
12/16/12 9:33:01 AM,C,5.644
12/16/12 10:33:01 AM,C,8.655
12/16/12 11:33:01 AM,C,8.655
12/16/12 12:33:01 PM,C,8.154
12/16/12 1:33:01 PM,C,8.655
12/16/12 2:33:01 PM,C,10.662
12/16/12 3:33:01 PM,C,8.154
12/16/12 4:33:01 PM,C,7.15
12/16/12 5:33:01 PM,C,6.648
12/16/12 6:33:01 PM,C,5.644
12/16/12 7:33:01 PM,C,4.639
12/16/12 8:33:01 PM,C,4.137
12/16/12 9:33:01 PM,C,3.132
12/16/12 10:33:01 PM,C,2.63
12/16/12 11:33:01 PM,C,2.127
12/17/12 12:33:01 AM,C,1.625
12/17/12 1:33:01 AM,C,0.117
12/17/12 2:33:01 AM,C,2.127
12/17/12 3:33:01 AM,C,0.619
12/17/12 4:33:01 AM,C,1.625
12/17/12 5:33:01 AM,C,0.619
12/17/12 6:33:01 AM,C,1.625
12/17/12 7:33:01 AM,C,2.63
12/17/12 8:33:01 AM,C,2.63
12/17/12 9:33:01 AM,C,6.146
12/17/12 10:33:01 AM,C,8.154
12/17/12 11:33:01 AM,C,9.659
12/17/12 12:33:01 PM,C,9.659
12/17/12 1:33:01 PM,C,10.161
12/17/12 2:33:01 PM,C,11.164
12/17/12 3:33:01 PM,C,12.167
12/17/12 4:33:01 PM,C,11.164
12/17/12 5:33:01 PM,C,6.648
12/17/12 6:33:01 PM,C,4.137
12/17/12 7:33:01 PM,C,7.15
12/17/12 8:33:01 PM,C,8.655
12/17/12 9:33:01 PM,C,8.154
12/17/12 10:33:01 PM,C,8.154
12/17/12 11:33:01 PM,C,9.659
12/18/12 12:33:01 AM,C,9.157
12/18/12 1:33:01 AM,C,10.662
12/18/12 2:33:01 AM,C,11.164
12/18/12 3:33:01 AM,C,12.167
12/18/12 4:33:01 AM,C,11.665
12/18/12 5:33:01 AM,C,11.665
12/18/12 6:33:01 AM,C,10.662
12/18/12 7:33:01 AM,C,10.662
12/18/12 8:33:01 AM,C,11.665
12/18/12 9:33:01 AM,C,14.172
12/18/12 10:33:01 AM,C,18.18
12/18/12 11:33:01 AM,C,20.683
12/18/12 12:33:01 PM,C,18.18
12/18/12 1:33:01 PM,C,19.182
12/18/12 2:33:01 PM,C,18.681
12/18/12 3:33:01 PM,C,19.182
12/18/12 4:33:01 PM,C,17.178
12/18/12 5:33:01 PM,C,10.161
12/18/12 6:33:01 PM,C,5.141
12/18/12 7:33:01 PM,C,10.662
12/18/12 8:33:01 PM,C,10.161
12/18/12 9:33:01 PM,C,7.652
12/18/12 10:33:01 PM,C,9.157
12/18/12 11:33:01 PM,C,13.671
12/19/12 12:33:01 AM,C,15.174
12/19/12 1:33:01 AM,C,14.673
12/19/12 2:33:01 AM,C,13.671
12/19/12 3:33:01 AM,C,13.17
12/19/12 4:33:01 AM,C,13.17
12/19/12 5:33:01 AM,C,13.17
12/19/12 6:33:01 AM,C,12.668
12/19/12 7:33:01 AM,C,12.668
12/19/12 8:33:01 AM,C,12.167
12/19/12 9:33:01 AM,C,12.167
12/19/12 10:33:01 AM,C,13.671
12/19/12 11:33:01 AM,C,14.673
12/19/12 12:33:01 PM,C,14.172
12/19/12 1:33:01 PM,C,14.172
12/19/12 2:33:01 PM,C,14.172
12/19/12 3:33:01 PM,C,13.17
12/19/12 4:33:01 PM,C,10.161
12/19/12 5:33:01 PM,C,7.15
12/19/12 6:33:01 PM,C,5.644
12/19/12 7:33:01 PM,C,4.137
12/19/12 8:33:01 PM,C,2.127
12/19/12 9:33:01 PM,C,1.122
12/19/12 10:33:01 PM,C,-0.386
12/19/12 11:33:01 PM,C,-1.392
12/20/12 12:33:01 AM,C,-2.398
12/20/12 1:33:01 AM,C,-2.398
12/20/12 2:33:01 AM,C,-3.907
12/20/12 3:33:01 AM,C,-6.927
12/20/12 4:33:01 AM,C,-9.446
12/20/12 5:33:01 AM,C,-10.453
12/20/12 6:33:01 AM,C,-11.461
12/20/12 7:33:01 AM,C,-11.965
12/20/12 8:33:01 AM,C,-10.453
12/20/12 9:33:01 AM,C,-3.404
12/20/12 10:33:01 AM,C,8.655
12/20/12 11:33:01 AM,C,9.659
12/20/12 12:33:01 PM,C,9.659
12/20/12 1:33:01 PM,C,10.161
12/20/12 2:33:01 PM,C,12.167
12/20/12 3:33:01 PM,C,13.17
12/20/12 4:33:01 PM,C,9.659
12/20/12 5:33:01 PM,C,4.137
12/20/12 6:33:01 PM,C,1.122
12/20/12 7:33:01 PM,C,-3.404
12/20/12 8:33:01 PM,C,-4.914
12/20/12 9:33:01 PM,C,-4.914
12/20/12 10:33:01 PM,C,-3.907
12/20/12 11:33:01 PM,C,-1.392
12/21/12 12:33:01 AM,C,2.63
12/21/12 1:33:01 AM,C,5.644
12/21/12 2:33:01 AM,C,4.639
12/21/12 3:33:01 AM,C,6.146
12/21/12 4:33:01 AM,C,5.141
12/21/12 5:33:01 AM,C,5.644
12/21/12 6:33:01 AM,C,4.639
12/21/12 7:33:01 AM,C,6.648
12/21/12 8:33:01 AM,C,7.15
12/21/12 9:33:01 AM,C,6.648
12/21/12 10:33:01 AM,C,8.154
12/21/12 11:33:01 AM,C,10.161
12/21/12 12:33:01 PM,C,9.157
12/21/12 1:33:01 PM,C,10.662
12/21/12 2:33:01 PM,C,13.671
12/21/12 3:33:01 PM,C,13.671
12/21/12 4:33:01 PM,C,12.668
12/21/12 5:33:01 PM,C,9.157
12/21/12 6:33:01 PM,C,7.15
12/21/12 7:33:01 PM,C,9.157
12/21/12 8:33:01 PM,C,9.157
12/21/12 9:33:01 PM,C,8.655
12/21/12 10:33:01 PM,C,8.655
12/21/12 11:33:01 PM,C,8.655
12/22/12 12:33:01 AM,C,8.154
12/22/12 1:33:01 AM,C,8.655
12/22/12 2:33:01 AM,C,7.652
12/22/12 3:33:01 AM,C,9.157
12/22/12 4:33:01 AM,C,9.157
12/22/12 5:33:01 AM,C,5.141
12/22/12 6:33:01 AM,C,7.15
12/22/12 7:33:01 AM,C,5.141
12/22/12 8:33:01 AM,C,5.644
12/22/12 9:33:01 AM,C,11.164
12/22/12 10:33:01 AM,C,14.673
12/22/12 11:33:01 AM,C,17.679
12/22/12 12:33:01 PM,C,15.676
12/22/12 1:33:01 PM,C,16.177
12/22/12 2:33:01 PM,C,14.172
12/22/12 3:33:01 PM,C,14.172
12/22/12 4:33:01 PM,C,14.172
12/22/12 5:33:01 PM,C,12.668
12/22/12 6:33:01 PM,C,11.665
12/22/12 7:33:01 PM,C,11.164
12/22/12 8:33:01 PM,C,10.662
12/22/12 9:33:01 PM,C,10.161
12/22/12 10:33:01 PM,C,10.161
12/22/12 11:33:01 PM,C,9.659
12/23/12 12:33:01 AM,C,10.161
12/23/12 1:33:01 AM,C,9.659
12/23/12 2:33:01 AM,C,9.157
12/23/12 3:33:01 AM,C,8.154
12/23/12 4:33:01 AM,C,9.157
12/23/12 5:33:01 AM,C,9.157
12/23/12 6:33:01 AM,C,9.157
12/23/12 7:33:01 AM,C,9.659
12/23/12 8:33:01 AM,C,10.161
12/23/12 9:33:01 AM,C,11.164
12/23/12 10:33:01 AM,C,14.172
12/23/12 11:33:01 AM,C,13.17
12/23/12 12:33:01 PM,C,13.671
12/23/12 1:33:01 PM,C,13.671
12/23/12 2:33:01 PM,C,13.17
12/23/12 3:33:01 PM,C,11.665
12/23/12 4:33:01 PM,C,11.164
12/23/12 5:33:01 PM,C,10.161
12/23/12 6:33:01 PM,C,9.659
12/23/12 7:33:01 PM,C,8.655
12/23/12 8:33:01 PM,C,6.648
12/23/12 9:33:01 PM,C,1.122
12/23/12 10:33:01 PM,C,0.619
12/23/12 11:33:01 PM,C,-0.386
12/24/12 12:33:01 AM,C,-0.889
12/24/12 1:33:01 AM,C,0.117
12/24/12 2:33:01 AM,C,1.625
12/24/12 3:33:01 AM,C,6.648
12/24/12 4:33:01 AM,C,8.655
12/24/12 5:33:01 AM,C,9.659
12/24/12 6:33:01 AM,C,9.659
12/24/12 7:33:01 AM,C,9.157
12/24/12 8:33:01 AM,C,8.154
12/24/12 9:33:01 AM,C,10.161
12/24/12 10:33:01 AM,C,15.174
12/24/12 11:33:01 AM,C,16.177
12/24/12 12:33:01 PM,C,14.172
12/24/12 1:33:01 PM,C,14.172
12/24/12 2:33:01 PM,C,13.671
12/24/12 3:33:01 PM,C,12.167
12/24/12 4:33:01 PM,C,13.671
12/24/12 5:33:01 PM,C,10.662
12/24/12 6:33:01 PM,C,9.659
12/24/12 7:33:01 PM,C,10.161
12/24/12 8:33:01 PM,C,9.157
12/24/12 9:33:01 PM,C,8.154
12/24/12 10:33:01 PM,C,8.655
12/24/12 11:33:01 PM,C,8.655
12/25/12 12:33:01 AM,C,8.154
12/25/12 1:33:01 AM,C,7.652
12/25/12 2:33:01 AM,C,5.141
12/25/12 3:33:01 AM,C,3.132
12/25/12 4:33:01 AM,C,2.127
12/25/12 5:33:01 AM,C,2.63
12/25/12 6:33:01 AM,C,1.625
12/25/12 7:33:01 AM,C,1.625
12/25/12 8:33:01 AM,C,1.625
12/25/12 9:33:01 AM,C,1.625
12/25/12 10:33:01 AM,C,4.137
12/25/12 11:33:01 AM,C,5.644
12/25/12 12:33:01 PM,C,7.15
12/25/12 1:33:01 PM,C,6.648
12/25/12 2:33:01 PM,C,7.15
12/25/12 3:33:01 PM,C,7.15
12/25/12 4:33:01 PM,C,6.146
12/25/12 5:33:01 PM,C,0.619
12/25/12 6:33:01 PM,C,-2.398
12/25/12 7:33:01 PM,C,-4.41
12/25/12 8:33:01 PM,C,-5.921
12/25/12 9:33:01 PM,C,-6.424
12/25/12 10:33:01 PM,C,-6.424
12/25/12 11:33:01 PM,C,-6.424
12/26/12 12:33:01 AM,C,-5.921
12/26/12 1:33:01 AM,C,-5.921
12/26/12 2:33:01 AM,C,-6.927
12/26/12 3:33:01 AM,C,-5.417
12/26/12 4:33:01 AM,C,-5.417
12/26/12 5:33:01 AM,C,-6.927
12/26/12 6:33:01 AM,C,-6.424
12/26/12 7:33:01 AM,C,-5.921
12/26/12 8:33:01 AM,C,-5.417
12/26/12 9:33:01 AM,C,6.146
12/26/12 10:33:01 AM,C,9.659
12/26/12 11:33:01 AM,C,10.662
12/26/12 12:33:01 PM,C,9.157
12/26/12 1:33:01 PM,C,10.161
12/26/12 2:33:01 PM,C,12.167
12/26/12 3:33:01 PM,C,10.662
12/26/12 4:33:01 PM,C,11.665
12/26/12 5:33:01 PM,C,7.652
12/26/12 6:33:01 PM,C,5.644
12/26/12 7:33:01 PM,C,8.655
12/26/12 8:33:01 PM,C,7.652
12/26/12 9:33:01 PM,C,5.141
12/26/12 10:33:01 PM,C,7.652
12/26/12 11:33:01 PM,C,6.648
12/27/12 12:33:01 AM,C,8.154
12/27/12 1:33:01 AM,C,7.652
12/27/12 2:33:01 AM,C,8.154
12/27/12 3:33:01 AM,C,7.652
12/27/12 4:33:01 AM,C,8.154
12/27/12 5:33:01 AM,C,8.154
12/27/12 6:33:01 AM,C,8.154
12/27/12 7:33:01 AM,C,7.652
12/27/12 8:33:01 AM,C,7.652
12/27/12 9:33:01 AM,C,8.655
12/27/12 10:33:01 AM,C,9.659
12/27/12 11:33:01 AM,C,11.665
12/27/12 12:33:01 PM,C,11.665
12/27/12 1:33:01 PM,C,11.164
12/27/12 2:33:01 PM,C,10.662
12/27/12 3:33:01 PM,C,13.671
12/27/12 4:33:01 PM,C,12.167
12/27/12 5:33:01 PM,C,9.659
12/27/12 6:33:01 PM,C,7.652
12/27/12 7:33:01 PM,C,1.122
12/27/12 8:33:01 PM,C,-0.386
12/27/12 9:33:01 PM,C,2.63
12/27/12 10:33:01 PM,C,4.639
12/27/12 11:33:01 PM,C,1.122
12/28/12 12:33:01 AM,C,-0.889
12/28/12 1:33:01 AM,C,-1.392
12/28/12 2:33:01 AM,C,-1.392
12/28/12 3:33:01 AM,C,-0.889
12/28/12 4:33:01 AM,C,-1.392
12/28/12 5:33:01 AM,C,-1.392
12/28/12 6:33:01 AM,C,-1.392
12/28/12 7:33:01 AM,C,-1.392
12/28/12 8:33:01 AM,C,-1.392
12/28/12 9:33:01 AM,C,-0.889
12/28/12 10:33:01 AM,C,4.137
12/28/12 11:33:01 AM,C,6.146
12/28/12 12:33:01 PM,C,5.141
12/28/12 1:33:01 PM,C,5.141
12/28/12 2:33:01 PM,C,5.141
12/28/12 3:33:01 PM,C,5.644
12/28/12 4:33:01 PM,C,4.639
12/28/12 5:33:01 PM,C,1.625
12/28/12 6:33:01 PM,C,-1.392
12/28/12 7:33:01 PM,C,-4.914
12/28/12 8:33:01 PM,C,-6.424
12/28/12 9:33:01 PM,C,-6.927
12/28/12 10:33:01 PM,C,-6.424
12/28/12 11:33:01 PM,C,-6.927
12/29/12 12:33:01 AM,C,-5.417
12/29/12 1:33:01 AM,C,-5.921
12/29/12 2:33:01 AM,C,-7.431
12/29/12 3:33:01 AM,C,-6.927
12/29/12 4:33:01 AM,C,-5.921
12/29/12 5:33:01 AM,C,-5.921
12/29/12 6:33:01 AM,C,-5.417
12/29/12 7:33:01 AM,C,-4.914
12/29/12 8:33:01 AM,C,-3.907
12/29/12 9:33:01 AM,C,0.619
12/29/12 10:33:01 AM,C,5.141
12/29/12 11:33:01 AM,C,9.659
12/29/12 12:33:01 PM,C,9.157
12/29/12 1:33:01 PM,C,9.157
12/29/12 2:33:01 PM,C,10.662
12/29/12 3:33:01 PM,C,9.659
12/29/12 4:33:01 PM,C,8.655
12/29/12 5:33:01 PM,C,3.635
12/29/12 6:33:01 PM,C,0.117
12/29/12 7:33:01 PM,C,-1.895
12/29/12 8:33:01 PM,C,3.132
12/29/12 9:33:01 PM,C,-0.386
12/29/12 10:33:01 PM,C,3.132
12/29/12 11:33:01 PM,C,5.644
12/30/12 12:33:01 AM,C,6.146
12/30/12 1:33:01 AM,C,6.146
12/30/12 2:33:01 AM,C,7.15
12/30/12 3:33:01 AM,C,7.15
12/30/12 4:33:01 AM,C,7.652
12/30/12 5:33:01 AM,C,6.648
12/30/12 6:33:01 AM,C,6.146
12/30/12 7:33:01 AM,C,5.141
12/30/12 8:33:01 AM,C,6.146
12/30/12 9:33:01 AM,C,7.15
12/30/12 10:33:01 AM,C,7.652
12/30/12 11:33:01 AM,C,8.154
12/30/12 12:33:01 PM,C,9.157
12/30/12 1:33:01 PM,C,9.157
12/30/12 2:33:01 PM,C,9.659
12/30/12 3:33:01 PM,C,10.662
12/30/12 4:33:01 PM,C,9.157
12/30/12 5:33:01 PM,C,5.644
12/30/12 6:33:01 PM,C,6.146
12/30/12 7:33:01 PM,C,6.648
12/30/12 8:33:01 PM,C,5.644
12/30/12 9:33:01 PM,C,6.146
12/30/12 10:33:01 PM,C,6.648
12/30/12 11:33:01 PM,C,6.648
12/31/12 12:33:01 AM,C,6.648
12/31/12 1:33:01 AM,C,6.146
12/31/12 2:33:01 AM,C,5.644
12/31/12 3:33:01 AM,C,6.146
12/31/12 4:33:01 AM,C,6.146
12/31/12 5:33:01 AM,C,5.644
12/31/12 6:33:01 AM,C,4.639
12/31/12 7:33:01 AM,C,2.127
12/31/12 8:33:01 AM,C,0.619
12/31/12 9:33:01 AM,C,2.63
12/31/12 10:33:01 AM,C,7.15
12/31/12 11:33:01 AM,C,8.655
12/31/12 12:33:01 PM,C,8.154
12/31/12 1:33:01 PM,C,7.652
12/31/12 2:33:01 PM,C,7.15
12/31/12 3:33:01 PM,C,9.659
12/31/12 4:33:01 PM,C,9.157
12/31/12 5:33:01 PM,C,5.644
12/31/12 6:33:01 PM,C,1.625
12/31/12 7:33:01 PM,C,0.117
12/31/12 8:33:01 PM,C,0.619
12/31/12 9:33:01 PM,C,-1.895
12/31/12 10:33:01 PM,C,-3.404
12/31/12 11:33:01 PM,C,-1.895
1/1/13 12:33:01 AM,C,-1.392
1/1/13 1:33:01 AM,C,-1.895
1/1/13 2:33:01 AM,C,-2.901
1/1/13 3:33:01 AM,C,-2.398
1/1/13 4:33:01 AM,C,-2.901
1/1/13 5:33:01 AM,C,-1.895
1/1/13 6:33:01 AM,C,-2.398
1/1/13 7:33:01 AM,C,-2.398
1/1/13 8:33:01 AM,C,-2.398
1/1/13 9:33:01 AM,C,-3.404
1/1/13 10:33:01 AM,C,0.117
1/1/13 11:33:01 AM,C,1.625
1/1/13 12:33:01 PM,C,4.137
1/1/13 1:33:01 PM,C,4.639
1/1/13 2:33:01 PM,C,5.644
1/1/13 3:33:01 PM,C,4.639
1/1/13 4:33:01 PM,C,4.639
1/1/13 5:33:01 PM,C,2.63
1/1/13 6:33:01 PM,C,-1.392
1/1/13 7:33:01 PM,C,-2.901
1/1/13 8:33:01 PM,C,-3.404
1/1/13 9:33:01 PM,C,-3.404
1/1/13 10:33:01 PM,C,-3.404
1/1/13 11:33:01 PM,C,-3.404
1/2/13 12:33:01 AM,C,-3.404
1/2/13 1:33:01 AM,C,-2.901
1/2/13 2:33:01 AM,C,-3.404
1/2/13 3:33:01 AM,C,-3.907
1/2/13 4:33:01 AM,C,-4.41
1/2/13 5:33:01 AM,C,-5.417
1/2/13 6:33:01 AM,C,-5.921
1/2/13 7:33:01 AM,C,-6.424
1/2/13 8:33:01 AM,C,-5.921
1/2/13 9:33:01 AM,C,-3.907
1/2/13 10:33:01 AM,C,6.146
1/2/13 11:33:01 AM,C,10.161
1/2/13 12:33:01 PM,C,9.157
1/2/13 1:33:01 PM,C,9.157
1/2/13 2:33:01 PM,C,12.167
1/2/13 3:33:01 PM,C,12.668
1/2/13 4:33:01 PM,C,10.662
1/2/13 5:33:01 PM,C,3.132
1/2/13 6:33:01 PM,C,0.619
1/2/13 7:33:01 PM,C,-1.895
1/2/13 8:33:01 PM,C,-1.895
1/2/13 9:33:01 PM,C,-1.392
1/2/13 10:33:01 PM,C,-1.895
1/2/13 11:33:01 PM,C,-2.398
1/3/13 12:33:01 AM,C,-4.41
1/3/13 1:33:01 AM,C,-4.41
1/3/13 2:33:01 AM,C,-3.907
1/3/13 3:33:01 AM,C,-2.901
1/3/13 4:33:01 AM,C,-0.889
1/3/13 5:33:01 AM,C,-0.386
1/3/13 6:33:01 AM,C,-1.895
1/3/13 7:33:01 AM,C,-3.404
1/3/13 8:33:01 AM,C,-4.41
1/3/13 9:33:01 AM,C,-4.41
1/3/13 10:33:01 AM,C,-4.914
1/3/13 11:33:01 AM,C,-2.398
1/3/13 12:33:01 PM,C,-3.907
1/3/13 1:33:01 PM,C,-3.907
1/3/13 2:33:01 PM,C,-5.417
1/3/13 3:33:01 PM,C,-4.41
1/3/13 4:33:01 PM,C,-5.417
1/3/13 5:33:01 PM,C,-5.417
1/3/13 6:33:01 PM,C,-5.921
1/3/13 7:33:01 PM,C,-6.424
1/3/13 8:33:01 PM,C,-6.927
1/3/13 9:33:01 PM,C,-6.424
1/3/13 10:33:01 PM,C,-6.927
1/3/13 11:33:01 PM,C,-6.927
1/4/13 12:33:01 AM,C,-7.431
1/4/13 1:33:01 AM,C,-7.431
1/4/13 2:33:01 AM,C,-6.927
1/4/13 3:33:01 AM,C,-7.431
1/4/13 4:33:01 AM,C,-7.431
1/4/13 5:33:01 AM,C,-7.431
1/4/13 6:33:01 AM,C,-7.431
1/4/13 7:33:01 AM,C,-7.431
1/4/13 8:33:01 AM,C,-6.927
1/4/13 9:33:01 AM,C,-3.907
1/4/13 10:33:01 AM,C,1.122
1/4/13 11:33:01 AM,C,3.132
1/4/13 12:33:01 PM,C,2.127
1/4/13 1:33:01 PM,C,1.625
1/4/13 2:33:01 PM,C,0.619
1/4/13 3:33:01 PM,C,1.625
1/4/13 4:33:01 PM,C,0.117
1/4/13 5:33:01 PM,C,-1.392
1/4/13 6:33:01 PM,C,-2.398
1/4/13 7:33:01 PM,C,-2.398
1/4/13 8:33:01 PM,C,-3.404
1/4/13 9:33:01 PM,C,-3.907
1/4/13 10:33:01 PM,C,-3.907
1/4/13 11:33:01 PM,C,-4.41
1/5/13 12:33:01 AM,C,-4.41
1/5/13 1:33:01 AM,C,-4.914
1/5/13 2:33:01 AM,C,-5.417
1/5/13 3:33:01 AM,C,-5.921
1/5/13 4:33:01 AM,C,-5.921
1/5/13 5:33:01 AM,C,-7.431
1/5/13 6:33:01 AM,C,-7.431
1/5/13 7:33:01 AM,C,-7.431
1/5/13 8:33:01 AM,C,-6.424
1/5/13 9:33:01 AM,C,-3.907
1/5/13 10:33:01 AM,C,6.648
1/5/13 11:33:01 AM,C,9.659
1/5/13 12:33:01 PM,C,8.655
1/5/13 1:33:01 PM,C,8.655
1/5/13 2:33:01 PM,C,10.161
1/5/13 3:33:01 PM,C,10.161
1/5/13 4:33:01 PM,C,8.154
1/5/13 5:33:01 PM,C,-2.398
1/5/13 6:33:01 PM,C,-4.914
1/5/13 7:33:01 PM,C,-6.424
1/5/13 8:33:01 PM,C,-5.417
1/5/13 9:33:01 PM,C,-6.927
1/5/13 10:33:01 PM,C,-7.935
1/5/13 11:33:01 PM,C,-9.446
1/6/13 12:33:01 AM,C,-10.453
1/6/13 1:33:01 AM,C,-9.446
1/6/13 2:33:01 AM,C,-9.95
1/6/13 3:33:01 AM,C,-10.453
1/6/13 4:33:01 AM,C,-10.957
1/6/13 5:33:01 AM,C,-11.461
1/6/13 6:33:01 AM,C,-11.461
1/6/13 7:33:01 AM,C,-11.461
1/6/13 8:33:01 AM,C,-9.95
1/6/13 9:33:01 AM,C,-7.431
1/6/13 10:33:01 AM,C,8.154
1/6/13 11:33:01 AM,C,10.662
1/6/13 12:33:01 PM,C,11.665
1/6/13 1:33:01 PM,C,10.662
1/6/13 2:33:01 PM,C,13.17
1/6/13 3:33:01 PM,C,12.167
1/6/13 4:33:01 PM,C,10.161
1/6/13 5:33:01 PM,C,-0.386
1/6/13 6:33:01 PM,C,-3.404
1/6/13 7:33:01 PM,C,-3.907
1/6/13 8:33:01 PM,C,-5.417
1/6/13 9:33:01 PM,C,-3.404
1/6/13 10:33:01 PM,C,-1.895
1/6/13 11:33:01 PM,C,4.137
1/7/13 12:33:01 AM,C,4.639
1/7/13 1:33:01 AM,C,4.639
1/7/13 2:33:01 AM,C,4.137
1/7/13 3:33:01 AM,C,5.141
1/7/13 4:33:01 AM,C,4.137
1/7/13 5:33:01 AM,C,3.635
1/7/13 6:33:01 AM,C,4.137
1/7/13 7:33:01 AM,C,4.639
1/7/13 8:33:01 AM,C,5.141
1/7/13 9:33:01 AM,C,6.146
1/7/13 10:33:01 AM,C,10.161
1/7/13 11:33:01 AM,C,12.167
1/7/13 12:33:01 PM,C,8.655
1/7/13 1:33:01 PM,C,11.164
1/7/13 2:33:01 PM,C,13.17
1/7/13 3:33:01 PM,C,14.172
1/7/13 4:33:01 PM,C,9.157
1/7/13 5:33:01 PM,C,6.146
1/7/13 6:33:01 PM,C,5.644
1/7/13 7:33:01 PM,C,1.625
1/7/13 8:33:01 PM,C,3.132
1/7/13 9:33:01 PM,C,4.137
1/7/13 10:33:01 PM,C,3.635
1/7/13 11:33:01 PM,C,-0.889
1/8/13 12:33:01 AM,C,0.117
1/8/13 1:33:01 AM,C,0.117
1/8/13 2:33:01 AM,C,6.648
1/8/13 3:33:01 AM,C,4.639
1/8/13 4:33:01 AM,C,4.639
1/8/13 5:33:01 AM,C,4.639
1/8/13 6:33:01 AM,C,4.639
1/8/13 7:33:01 AM,C,3.132
1/8/13 8:33:01 AM,C,-0.889
1/8/13 9:33:01 AM,C,-1.392
1/8/13 10:33:01 AM,C,9.157
1/8/13 11:33:01 AM,C,10.662
1/8/13 12:33:01 PM,C,11.164
1/8/13 1:33:01 PM,C,11.164
1/8/13 2:33:01 PM,C,10.662
1/8/13 3:33:01 PM,C,13.17
1/8/13 4:33:01 PM,C,10.161
1/8/13 5:33:01 PM,C,4.639
1/8/13 6:33:01 PM,C,0.619
1/8/13 7:33:01 PM,C,0.117
1/8/13 8:33:01 PM,C,-0.386
1/8/13 9:33:01 PM,C,-0.386
1/8/13 10:33:01 PM,C,0.117
1/8/13 11:33:01 PM,C,0.619
1/9/13 12:33:01 AM,C,-0.386
1/9/13 1:33:01 AM,C,-0.386
1/9/13 2:33:01 AM,C,-0.386
1/9/13 3:33:01 AM,C,0.117
1/9/13 4:33:01 AM,C,0.117
1/9/13 5:33:01 AM,C,0.117
1/9/13 6:33:01 AM,C,0.117
1/9/13 7:33:01 AM,C,0.117
1/9/13 8:33:01 AM,C,0.117
1/9/13 9:33:01 AM,C,0.117
1/9/13 10:33:01 AM,C,0.117
1/9/13 11:33:01 AM,C,0.117
1/9/13 12:33:01 PM,C,-0.386
1/9/13 1:33:01 PM,C,-0.889
1/9/13 2:33:01 PM,C,-0.889
1/9/13 3:33:01 PM,C,-0.889
1/9/13 4:33:01 PM,C,-1.392
1/9/13 5:33:01 PM,C,-1.895
1/9/13 6:33:01 PM,C,-1.895
1/9/13 7:33:01 PM,C,-1.895
1/9/13 8:33:01 PM,C,-1.392
1/9/13 9:33:01 PM,C,-1.392
1/9/13 10:33:01 PM,C,-1.392
1/9/13 11:33:01 PM,C,-1.392
1/10/13 12:33:01 AM,C,-1.392
1/10/13 1:33:01 AM,C,-0.889
1/10/13 2:33:01 AM,C,-0.386
1/10/13 3:33:01 AM,C,-0.386
1/10/13 4:33:01 AM,C,-1.895
1/10/13 5:33:01 AM,C,-1.392
1/10/13 6:33:01 AM,C,-0.889
1/10/13 7:33:01 AM,C,-1.392
1/10/13 8:33:01 AM,C,-0.889
1/10/13 9:33:01 AM,C,-0.889
1/10/13 10:33:01 AM,C,5.644
1/10/13 11:33:01 AM,C,7.15
1/10/13 12:33:01 PM,C,10.662
1/10/13 1:33:01 PM,C,11.164
1/10/13 2:33:01 PM,C,11.164
1/10/13 3:33:01 PM,C,8.655
1/10/13 4:33:01 PM,C,8.154
1/10/13 5:33:01 PM,C,6.146
1/10/13 6:33:01 PM,C,1.122
1/10/13 7:33:01 PM,C,4.639
1/10/13 8:33:01 PM,C,6.648
1/10/13 9:33:01 PM,C,5.644
1/10/13 10:33:01 PM,C,6.146
1/10/13 11:33:01 PM,C,5.644
1/11/13 12:33:01 AM,C,7.15
1/11/13 1:33:01 AM,C,8.154
1/11/13 2:33:01 AM,C,8.655
1/11/13 3:33:01 AM,C,8.154
1/11/13 4:33:01 AM,C,9.157
1/11/13 5:33:01 AM,C,9.157
1/11/13 6:33:01 AM,C,8.655
1/11/13 7:33:01 AM,C,8.154
1/11/13 8:33:01 AM,C,9.157
1/11/13 9:33:01 AM,C,9.157
1/11/13 10:33:01 AM,C,8.655
1/11/13 11:33:01 AM,C,10.662
1/11/13 12:33:01 PM,C,10.662
1/11/13 1:33:01 PM,C,14.673
1/11/13 2:33:01 PM,C,14.673
1/11/13 3:33:01 PM,C,15.174
1/11/13 4:33:01 PM,C,11.665
1/11/13 5:33:01 PM,C,10.161
1/11/13 6:33:01 PM,C,7.652
1/11/13 7:33:01 PM,C,8.154
1/11/13 8:33:01 PM,C,8.655
1/11/13 9:33:01 PM,C,4.639
1/11/13 10:33:01 PM,C,3.635
1/11/13 11:33:01 PM,C,3.635
1/12/13 12:33:01 AM,C,7.652
1/12/13 1:33:01 AM,C,3.132
1/12/13 2:33:01 AM,C,7.15
1/12/13 3:33:01 AM,C,6.146
1/12/13 4:33:01 AM,C,4.137
1/12/13 5:33:01 AM,C,4.137
1/12/13 6:33:01 AM,C,2.63
1/12/13 7:33:01 AM,C,0.117
1/12/13 8:33:01 AM,C,-0.889
1/12/13 9:33:01 AM,C,-0.889
1/12/13 10:33:01 AM,C,5.141
1/12/13 11:33:01 AM,C,4.137
1/12/13 12:33:01 PM,C,4.137
1/12/13 1:33:01 PM,C,6.648
1/12/13 2:33:01 PM,C,5.644
1/12/13 3:33:01 PM,C,8.154
1/12/13 4:33:01 PM,C,6.146
1/12/13 5:33:01 PM,C,1.122
1/12/13 6:33:01 PM,C,-2.901
1/12/13 7:33:01 PM,C,-1.392
1/12/13 8:33:01 PM,C,-4.914
1/12/13 9:33:01 PM,C,-5.921
1/12/13 10:33:01 PM,C,-3.404
1/12/13 11:33:01 PM,C,-4.41
1/13/13 12:33:01 AM,C,-4.41
1/13/13 1:33:01 AM,C,-4.914
1/13/13 2:33:01 AM,C,-5.921
1/13/13 3:33:01 AM,C,-5.921
1/13/13 4:33:01 AM,C,-6.424
1/13/13 5:33:01 AM,C,-6.927
1/13/13 6:33:01 AM,C,-8.942
1/13/13 7:33:01 AM,C,-10.957
1/13/13 8:33:01 AM,C,-10.453
1/13/13 9:33:01 AM,C,-9.446
1/13/13 10:33:01 AM,C,0.117
1/13/13 11:33:01 AM,C,2.63
1/13/13 12:33:01 PM,C,3.635
1/13/13 1:33:01 PM,C,5.644
1/13/13 2:33:01 PM,C,5.644
1/13/13 3:33:01 PM,C,6.648
1/13/13 4:33:01 PM,C,4.639
1/13/13 5:33:01 PM,C,-0.386
1/13/13 6:33:01 PM,C,-1.392
1/13/13 7:33:01 PM,C,-3.404
1/13/13 8:33:01 PM,C,-3.907
1/13/13 9:33:01 PM,C,-5.417
1/13/13 10:33:01 PM,C,-5.921
1/13/13 11:33:01 PM,C,-5.921
1/14/13 12:33:01 AM,C,-5.921
1/14/13 1:33:01 AM,C,-5.921
1/14/13 2:33:01 AM,C,-6.927
1/14/13 3:33:01 AM,C,-9.95
1/14/13 4:33:01 AM,C,-9.446
1/14/13 5:33:01 AM,C,-10.453
1/14/13 6:33:01 AM,C,-10.453
1/14/13 7:33:01 AM,C,-9.95
1/14/13 8:33:01 AM,C,-8.942
1/14/13 9:33:01 AM,C,-7.935
1/14/13 10:33:01 AM,C,3.635
1/14/13 11:33:01 AM,C,5.644
1/14/13 12:33:01 PM,C,7.15
1/14/13 1:33:01 PM,C,8.154
1/14/13 2:33:01 PM,C,9.157
1/14/13 3:33:01 PM,C,8.655
1/14/13 4:33:01 PM,C,6.648
1/14/13 5:33:01 PM,C,0.117
1/14/13 6:33:01 PM,C,-3.907
1/14/13 7:33:01 PM,C,-5.921
1/14/13 8:33:01 PM,C,-7.431
1/14/13 9:33:01 PM,C,-7.935
1/14/13 10:33:01 PM,C,-8.438
1/14/13 11:33:01 PM,C,-6.927
1/15/13 12:33:01 AM,C,-8.438
1/15/13 1:33:01 AM,C,-8.438
1/15/13 2:33:01 AM,C,-6.927
1/15/13 3:33:01 AM,C,-6.927
1/15/13 4:33:01 AM,C,-8.438
1/15/13 5:33:01 AM,C,-9.446
1/15/13 6:33:01 AM,C,-9.446
1/15/13 7:33:01 AM,C,-9.95
1/15/13 8:33:01 AM,C,-9.446
1/15/13 9:33:01 AM,C,-5.417
1/15/13 10:33:01 AM,C,-2.398
1/15/13 11:33:01 AM,C,1.122
1/15/13 12:33:01 PM,C,-0.386
1/15/13 1:33:01 PM,C,-2.398
1/15/13 2:33:01 PM,C,-0.889
1/15/13 3:33:01 PM,C,0.117
1/15/13 4:33:01 PM,C,-1.392
1/15/13 5:33:01 PM,C,-4.41
1/15/13 6:33:01 PM,C,-4.914
1/15/13 7:33:01 PM,C,-5.921
1/15/13 8:33:01 PM,C,-6.927
1/15/13 9:33:01 PM,C,-7.935
1/15/13 10:33:01 PM,C,-7.935
1/15/13 11:33:01 PM,C,-7.935
1/16/13 12:33:01 AM,C,-8.942
1/16/13 1:33:01 AM,C,-8.438
1/16/13 2:33:01 AM,C,-8.438
1/16/13 3:33:01 AM,C,-8.942
1/16/13 4:33:01 AM,C,-8.942
1/16/13 5:33:01 AM,C,-10.453
1/16/13 6:33:01 AM,C,-9.95
1/16/13 7:33:01 AM,C,-5.417
1/16/13 8:33:01 AM,C,-3.907
1/16/13 9:33:01 AM,C,-2.901
1/16/13 10:33:01 AM,C,0.117
1/16/13 11:33:01 AM,C,3.132
1/16/13 12:33:01 PM,C,4.639
1/16/13 1:33:01 PM,C,6.146
1/16/13 2:33:01 PM,C,6.146
1/16/13 3:33:01 PM,C,7.652
1/16/13 4:33:01 PM,C,5.141
1/16/13 5:33:01 PM,C,0.619
1/16/13 6:33:01 PM,C,-3.907
1/16/13 7:33:01 PM,C,-4.914
1/16/13 8:33:01 PM,C,-4.914
1/16/13 9:33:01 PM,C,-5.417
1/16/13 10:33:01 PM,C,-5.417
1/16/13 11:33:01 PM,C,-5.921
1/17/13 12:33:01 AM,C,-5.417
1/17/13 1:33:01 AM,C,-5.417
1/17/13 2:33:01 AM,C,-5.417
1/17/13 3:33:01 AM,C,-4.914
1/17/13 4:33:01 AM,C,-5.417
1/17/13 5:33:01 AM,C,-5.417
1/17/13 6:33:01 AM,C,-3.404
1/17/13 7:33:01 AM,C,-2.398
1/17/13 8:33:01 AM,C,-0.889
1/17/13 9:33:01 AM,C,1.625
1/17/13 10:33:01 AM,C,5.644
1/17/13 11:33:01 AM,C,8.154
1/17/13 12:33:01 PM,C,9.157
1/17/13 1:33:01 PM,C,10.161
1/17/13 2:33:01 PM,C,10.662
1/17/13 3:33:01 PM,C,11.665
1/17/13 4:33:01 PM,C,9.157
1/17/13 5:33:01 PM,C,5.141
1/17/13 6:33:01 PM,C,1.625
1/17/13 7:33:01 PM,C,1.122
1/17/13 8:33:01 PM,C,1.625
1/17/13 9:33:01 PM,C,-0.386
1/17/13 10:33:01 PM,C,0.117
1/17/13 11:33:01 PM,C,-1.895
1/18/13 12:33:01 AM,C,-2.901
1/18/13 1:33:01 AM,C,2.63
1/18/13 2:33:01 AM,C,2.63
1/18/13 3:33:01 AM,C,3.132
1/18/13 4:33:01 AM,C,3.132
1/18/13 5:33:01 AM,C,2.127
1/18/13 6:33:01 AM,C,0.117
1/18/13 7:33:01 AM,C,2.63
1/18/13 8:33:01 AM,C,3.635
1/18/13 9:33:01 AM,C,4.639
1/18/13 10:33:01 AM,C,7.15
1/18/13 11:33:01 AM,C,9.659
1/18/13 12:33:01 PM,C,10.662
1/18/13 1:33:01 PM,C,13.17
1/18/13 2:33:01 PM,C,11.164
1/18/13 3:33:01 PM,C,9.659
1/18/13 4:33:01 PM,C,12.668
1/18/13 5:33:01 PM,C,8.154
1/18/13 6:33:01 PM,C,6.648
1/18/13 7:33:01 PM,C,1.122
1/18/13 8:33:01 PM,C,0.117
1/18/13 9:33:01 PM,C,-0.386
1/18/13 10:33:01 PM,C,0.117
1/18/13 11:33:01 PM,C,6.648
1/19/13 12:33:01 AM,C,7.15
1/19/13 1:33:01 AM,C,5.644
1/19/13 2:33:01 AM,C,2.127
1/19/13 3:33:01 AM,C,1.625
1/19/13 4:33:01 AM,C,1.122
1/19/13 5:33:01 AM,C,0.117
1/19/13 6:33:01 AM,C,0.619
1/19/13 7:33:01 AM,C,1.122
1/19/13 8:33:01 AM,C,4.639
1/19/13 9:33:01 AM,C,7.15
1/19/13 10:33:01 AM,C,11.665
1/19/13 11:33:01 AM,C,13.17
1/19/13 12:33:01 PM,C,15.174
1/19/13 1:33:01 PM,C,17.178
1/19/13 2:33:01 PM,C,16.177
1/19/13 3:33:01 PM,C,17.178
1/19/13 4:33:01 PM,C,15.174
1/19/13 5:33:01 PM,C,10.161
1/19/13 6:33:01 PM,C,2.127
1/19/13 7:33:01 PM,C,1.625
1/19/13 8:33:01 PM,C,-0.386
1/19/13 9:33:01 PM,C,-1.392
1/19/13 10:33:01 PM,C,-0.889
1/19/13 11:33:01 PM,C,-2.901
1/20/13 12:33:01 AM,C,-2.901
1/20/13 1:33:01 AM,C,-2.901
1/20/13 2:33:01 AM,C,-2.901
1/20/13 3:33:01 AM,C,-2.398
1/20/13 4:33:01 AM,C,-2.398
1/20/13 5:33:01 AM,C,-2.398
1/20/13 6:33:01 AM,C,-2.398
1/20/13 7:33:01 AM,C,-1.895
1/20/13 8:33:01 AM,C,-1.392
1/20/13 9:33:01 AM,C,0.117
1/20/13 10:33:01 AM,C,13.17
1/20/13 11:33:01 AM,C,14.673
1/20/13 12:33:01 PM,C,15.676
1/20/13 1:33:01 PM,C,17.178
1/20/13 2:33:01 PM,C,15.676
1/20/13 3:33:01 PM,C,18.681
1/20/13 4:33:01 PM,C,16.177
1/20/13 5:33:01 PM,C,8.655
1/20/13 6:33:01 PM,C,3.132
1/20/13 7:33:01 PM,C,1.625
1/20/13 8:33:01 PM,C,1.122
1/20/13 9:33:01 PM,C,0.619
1/20/13 10:33:01 PM,C,0.619
1/20/13 11:33:01 PM,C,0.117
1/21/13 12:33:01 AM,C,0.117
1/21/13 1:33:01 AM,C,0.117
1/21/13 2:33:01 AM,C,-0.386
1/21/13 3:33:01 AM,C,-1.392
1/21/13 4:33:01 AM,C,-1.392
1/21/13 5:33:01 AM,C,-1.895
1/21/13 6:33:01 AM,C,-2.398
1/21/13 7:33:01 AM,C,-2.901
1/21/13 8:33:01 AM,C,-2.398
1/21/13 9:33:01 AM,C,-0.386
1/21/13 10:33:01 AM,C,11.164
1/21/13 11:33:01 AM,C,16.177
1/21/13 12:33:01 PM,C,18.18
1/21/13 1:33:01 PM,C,18.681
1/21/13 2:33:01 PM,C,17.679
1/21/13 3:33:01 PM,C,18.18
1/21/13 4:33:01 PM,C,16.678
1/21/13 5:33:01 PM,C,6.648
1/21/13 6:33:01 PM,C,3.132
1/21/13 7:33:01 PM,C,2.127
1/21/13 8:33:01 PM,C,1.625
1/21/13 9:33:01 PM,C,2.127
1/21/13 10:33:01 PM,C,1.625
1/21/13 11:33:01 PM,C,1.625
1/22/13 12:33:01 AM,C,2.127
1/22/13 1:33:01 AM,C,2.127
1/22/13 2:33:01 AM,C,3.132
1/22/13 3:33:01 AM,C,1.625
1/22/13 4:33:01 AM,C,2.63
1/22/13 5:33:01 AM,C,1.625
1/22/13 6:33:01 AM,C,1.122
1/22/13 7:33:01 AM,C,0.117
1/22/13 8:33:01 AM,C,0.619
1/22/13 9:33:01 AM,C,2.127
1/22/13 10:33:01 AM,C,15.174
1/22/13 11:33:01 AM,C,16.678
1/22/13 12:33:01 PM,C,18.18
1/22/13 1:33:01 PM,C,18.681
1/22/13 2:33:01 PM,C,18.18
1/22/13 3:33:01 PM,C,19.182
1/22/13 4:33:01 PM,C,18.18
1/22/13 5:33:01 PM,C,8.655
1/22/13 6:33:01 PM,C,4.639
1/22/13 7:33:01 PM,C,2.63
1/22/13 8:33:01 PM,C,2.127
1/22/13 9:33:01 PM,C,1.625
1/22/13 10:33:01 PM,C,1.122
1/22/13 11:33:01 PM,C,0.619
1/23/13 12:33:01 AM,C,0.619
1/23/13 1:33:01 AM,C,0.619
1/23/13 2:33:01 AM,C,0.117
1/23/13 3:33:01 AM,C,1.625
1/23/13 4:33:01 AM,C,4.137
1/23/13 5:33:01 AM,C,2.127
1/23/13 6:33:01 AM,C,6.146
1/23/13 7:33:01 AM,C,7.15
1/23/13 8:33:01 AM,C,8.655
1/23/13 9:33:01 AM,C,9.659
1/23/13 10:33:01 AM,C,15.676
1/23/13 11:33:01 AM,C,15.676
1/23/13 12:33:01 PM,C,17.679
1/23/13 1:33:01 PM,C,18.681
1/23/13 2:33:01 PM,C,18.18
1/23/13 3:33:01 PM,C,19.182
1/23/13 4:33:01 PM,C,18.18
1/23/13 5:33:01 PM,C,14.172
1/23/13 6:33:01 PM,C,7.652
1/23/13 7:33:01 PM,C,11.665
1/23/13 8:33:01 PM,C,11.164
1/23/13 9:33:01 PM,C,11.164
1/23/13 10:33:01 PM,C,12.167
1/23/13 11:33:01 PM,C,12.668
1/24/13 12:33:01 AM,C,12.167
1/24/13 1:33:01 AM,C,12.167
1/24/13 2:33:01 AM,C,12.167
1/24/13 3:33:01 AM,C,12.167
1/24/13 4:33:01 AM,C,12.668
1/24/13 5:33:01 AM,C,12.167
1/24/13 6:33:01 AM,C,11.665
1/24/13 7:33:01 AM,C,11.665
1/24/13 8:33:01 AM,C,11.665
1/24/13 9:33:01 AM,C,12.668
1/24/13 10:33:01 AM,C,15.676
1/24/13 11:33:01 AM,C,16.678
1/24/13 12:33:01 PM,C,18.681
1/24/13 1:33:01 PM,C,20.183
1/24/13 2:33:01 PM,C,20.183
1/24/13 3:33:01 PM,C,21.184
1/24/13 4:33:01 PM,C,20.183
1/24/13 5:33:01 PM,C,15.174
1/24/13 6:33:01 PM,C,9.659
1/24/13 7:33:01 PM,C,6.648
1/24/13 8:33:01 PM,C,6.146
1/24/13 9:33:01 PM,C,7.15
1/24/13 10:33:01 PM,C,6.146
1/24/13 11:33:01 PM,C,4.639
1/25/13 12:33:01 AM,C,8.154
1/25/13 1:33:01 AM,C,11.665
1/25/13 2:33:01 AM,C,12.167
1/25/13 3:33:01 AM,C,10.662
1/25/13 4:33:01 AM,C,11.665
1/25/13 5:33:01 AM,C,10.161
1/25/13 6:33:01 AM,C,10.161
1/25/13 7:33:01 AM,C,11.164
1/25/13 8:33:01 AM,C,10.662
1/25/13 9:33:01 AM,C,12.668
1/25/13 10:33:01 AM,C,17.679
1/25/13 11:33:01 AM,C,18.18
1/25/13 12:33:01 PM,C,18.18
1/25/13 1:33:01 PM,C,19.182
1/25/13 2:33:01 PM,C,20.183
1/25/13 3:33:01 PM,C,21.184
1/25/13 4:33:01 PM,C,19.682
1/25/13 5:33:01 PM,C,15.676
1/25/13 6:33:01 PM,C,13.17
1/25/13 7:33:01 PM,C,10.161
1/25/13 8:33:01 PM,C,8.154
1/25/13 9:33:01 PM,C,9.157
1/25/13 10:33:01 PM,C,9.157
1/25/13 11:33:01 PM,C,7.652
1/26/13 12:33:01 AM,C,6.146
1/26/13 1:33:01 AM,C,7.15
1/26/13 2:33:01 AM,C,9.659
1/26/13 3:33:01 AM,C,12.668
1/26/13 4:33:01 AM,C,13.17
1/26/13 5:33:01 AM,C,13.671
1/26/13 6:33:01 AM,C,12.167
1/26/13 7:33:01 AM,C,13.17
1/26/13 8:33:01 AM,C,13.671
1/26/13 9:33:01 AM,C,16.177
1/26/13 10:33:01 AM,C,19.182
1/26/13 11:33:01 AM,C,20.683
1/26/13 12:33:01 PM,C,21.184
1/26/13 1:33:01 PM,C,20.683
1/26/13 2:33:01 PM,C,19.682
1/26/13 3:33:01 PM,C,17.679
1/26/13 4:33:01 PM,C,17.679
1/26/13 5:33:01 PM,C,16.678
1/26/13 6:33:01 PM,C,14.172
1/26/13 7:33:01 PM,C,14.172
1/26/13 8:33:01 PM,C,15.174
1/26/13 9:33:01 PM,C,14.172
1/26/13 10:33:01 PM,C,13.17
1/26/13 11:33:01 PM,C,13.671
1/27/13 12:33:01 AM,C,13.17
1/27/13 1:33:01 AM,C,14.172
1/27/13 2:33:01 AM,C,10.161
1/27/13 3:33:01 AM,C,6.146
1/27/13 4:33:01 AM,C,4.639
1/27/13 5:33:01 AM,C,4.639
1/27/13 6:33:01 AM,C,4.137
1/27/13 7:33:01 AM,C,4.137
1/27/13 8:33:01 AM,C,8.655
1/27/13 9:33:01 AM,C,10.662
1/27/13 10:33:01 AM,C,13.17
1/27/13 11:33:01 AM,C,13.17
1/27/13 12:33:01 PM,C,14.172
1/27/13 1:33:01 PM,C,17.178
1/27/13 2:33:01 PM,C,17.178
1/27/13 3:33:01 PM,C,19.682
1/27/13 4:33:01 PM,C,17.679
1/27/13 5:33:01 PM,C,15.174
1/27/13 6:33:01 PM,C,14.172
1/27/13 7:33:01 PM,C,8.655
1/27/13 8:33:01 PM,C,5.644
1/27/13 9:33:01 PM,C,7.652
1/27/13 10:33:01 PM,C,8.154
1/27/13 11:33:01 PM,C,10.161
1/28/13 12:33:01 AM,C,11.665
1/28/13 1:33:01 AM,C,13.671
1/28/13 2:33:01 AM,C,12.668
1/28/13 3:33:01 AM,C,11.665
1/28/13 4:33:01 AM,C,11.164
1/28/13 5:33:01 AM,C,10.662
1/28/13 6:33:01 AM,C,10.161
1/28/13 7:33:01 AM,C,10.662
1/28/13 8:33:01 AM,C,9.659
1/28/13 9:33:01 AM,C,10.662
1/28/13 10:33:01 AM,C,13.17
1/28/13 11:33:01 AM,C,14.673
1/28/13 12:33:01 PM,C,17.178
1/28/13 1:33:01 PM,C,16.678
1/28/13 2:33:01 PM,C,14.673
1/28/13 3:33:01 PM,C,13.671
1/28/13 4:33:01 PM,C,13.671
1/28/13 5:33:01 PM,C,12.668
1/28/13 6:33:01 PM,C,12.167
1/28/13 7:33:01 PM,C,11.164
1/28/13 8:33:01 PM,C,12.668
1/28/13 9:33:01 PM,C,12.668
1/28/13 10:33:01 PM,C,11.164
1/28/13 11:33:01 PM,C,9.157
1/29/13 12:33:01 AM,C,10.662
1/29/13 1:33:01 AM,C,10.662
1/29/13 2:33:01 AM,C,10.161
1/29/13 3:33:01 AM,C,8.655
1/29/13 4:33:01 AM,C,9.157
1/29/13 5:33:01 AM,C,8.655
1/29/13 6:33:01 AM,C,8.154
1/29/13 7:33:01 AM,C,2.63
1/29/13 8:33:01 AM,C,1.122
1/29/13 9:33:01 AM,C,0.619
1/29/13 10:33:01 AM,C,-0.386
1/29/13 11:33:01 AM,C,-2.398
1/29/13 12:33:01 PM,C,-1.895
1/29/13 1:33:01 PM,C,3.132
1/29/13 2:33:01 PM,C,2.63
1/29/13 3:33:01 PM,C,4.137
1/29/13 4:33:01 PM,C,1.122
1/29/13 5:33:01 PM,C,0.117
1/29/13 6:33:01 PM,C,-0.889
1/29/13 7:33:01 PM,C,-1.392
1/29/13 8:33:01 PM,C,-1.895
1/29/13 9:33:01 PM,C,-1.895
1/29/13 10:33:01 PM,C,-2.398
1/29/13 11:33:01 PM,C,-2.398
1/30/13 12:33:01 AM,C,-3.404
1/30/13 1:33:01 AM,C,-3.907
1/30/13 2:33:01 AM,C,-4.41
1/30/13 3:33:01 AM,C,-3.907
1/30/13 4:33:01 AM,C,-4.41
1/30/13 5:33:01 AM,C,-4.41
1/30/13 6:33:01 AM,C,-4.41
1/30/13 7:33:01 AM,C,-5.417
1/30/13 8:33:01 AM,C,-5.417
1/30/13 9:33:01 AM,C,-3.907
1/30/13 10:33:01 AM,C,1.122
1/30/13 11:33:01 AM,C,2.127
1/30/13 12:33:01 PM,C,3.635
1/30/13 1:33:01 PM,C,3.132
1/30/13 2:33:01 PM,C,3.132
1/30/13 3:33:01 PM,C,4.639
1/30/13 4:33:01 PM,C,4.137
1/30/13 5:33:01 PM,C,1.625
1/30/13 6:33:01 PM,C,0.619
1/30/13 7:33:01 PM,C,0.117
1/30/13 8:33:01 PM,C,-0.386
1/30/13 9:33:01 PM,C,-0.386
1/30/13 10:33:01 PM,C,-0.386
1/30/13 11:33:01 PM,C,0.117
1/31/13 12:33:01 AM,C,-0.889
1/31/13 1:33:01 AM,C,-2.398
1/31/13 2:33:01 AM,C,-0.386
1/31/13 3:33:01 AM,C,-1.392
1/31/13 4:33:01 AM,C,-3.907
1/31/13 5:33:01 AM,C,-0.386
1/31/13 6:33:01 AM,C,1.122
1/31/13 7:33:01 AM,C,1.625
1/31/13 8:33:01 AM,C,1.625
1/31/13 9:33:01 AM,C,4.639
1/31/13 10:33:01 AM,C,7.652
1/31/13 11:33:01 AM,C,8.655
1/31/13 12:33:01 PM,C,13.17
1/31/13 1:33:01 PM,C,12.668
1/31/13 2:33:01 PM,C,15.676
1/31/13 3:33:01 PM,C,16.678
1/31/13 4:33:01 PM,C,12.167
1/31/13 5:33:01 PM,C,9.157
1/31/13 6:33:01 PM,C,5.141
1/31/13 7:33:01 PM,C,1.122
1/31/13 8:33:01 PM,C,0.117
1/31/13 9:33:01 PM,C,-0.386
1/31/13 10:33:01 PM,C,1.625
1/31/13 11:33:01 PM,C,-0.386
2/1/13 12:33:01 AM,C,-0.386
2/1/13 1:33:01 AM,C,-2.398
2/1/13 2:33:01 AM,C,-2.398
2/1/13 3:33:01 AM,C,-1.895
2/1/13 4:33:01 AM,C,-1.392
2/1/13 5:33:01 AM,C,5.141
2/1/13 6:33:01 AM,C,2.63
2/1/13 7:33:01 AM,C,1.625
2/1/13 8:33:01 AM,C,3.132
2/1/13 9:33:01 AM,C,8.655
2/1/13 10:33:01 AM,C,12.668
2/1/13 11:33:01 AM,C,13.17
2/1/13 12:33:01 PM,C,15.676
2/1/13 1:33:01 PM,C,15.676
2/1/13 2:33:01 PM,C,16.678
2/1/13 3:33:01 PM,C,17.178
2/1/13 4:33:01 PM,C,16.177
2/1/13 5:33:01 PM,C,12.167
2/1/13 6:33:01 PM,C,6.648
2/1/13 7:33:01 PM,C,2.127
2/1/13 8:33:01 PM,C,2.63
2/1/13 9:33:01 PM,C,7.652
2/1/13 10:33:01 PM,C,4.137
2/1/13 11:33:01 PM,C,3.132
2/2/13 12:33:01 AM,C,3.132
2/2/13 1:33:01 AM,C,1.625
2/2/13 2:33:01 AM,C,1.625
2/2/13 3:33:01 AM,C,0.619
2/2/13 4:33:01 AM,C,0.117
2/2/13 5:33:01 AM,C,0.619
2/2/13 6:33:01 AM,C,2.63
2/2/13 7:33:01 AM,C,-0.889
2/2/13 8:33:01 AM,C,-0.889
2/2/13 9:33:01 AM,C,1.122
2/2/13 10:33:01 AM,C,12.167
2/2/13 11:33:01 AM,C,13.17
2/2/13 12:33:01 PM,C,15.676
2/2/13 1:33:01 PM,C,17.679
2/2/13 2:33:01 PM,C,16.678
2/2/13 3:33:01 PM,C,17.178
2/2/13 4:33:01 PM,C,15.676
2/2/13 5:33:01 PM,C,11.164
2/2/13 6:33:01 PM,C,6.648
2/2/13 7:33:01 PM,C,1.625
2/2/13 8:33:01 PM,C,1.122
2/2/13 9:33:01 PM,C,0.117
2/2/13 10:33:01 PM,C,-0.889
2/2/13 11:33:01 PM,C,-0.386
2/3/13 12:33:01 AM,C,-0.889
2/3/13 1:33:01 AM,C,-1.895
2/3/13 2:33:01 AM,C,-1.392
2/3/13 3:33:01 AM,C,-0.386
2/3/13 4:33:01 AM,C,-0.386
2/3/13 5:33:01 AM,C,1.122
2/3/13 6:33:01 AM,C,0.117
2/3/13 7:33:01 AM,C,-0.889
2/3/13 8:33:01 AM,C,5.644
2/3/13 9:33:01 AM,C,9.157
2/3/13 10:33:01 AM,C,12.167
2/3/13 11:33:01 AM,C,14.172
2/3/13 12:33:01 PM,C,17.679
2/3/13 1:33:01 PM,C,14.172
2/3/13 2:33:01 PM,C,14.172
2/3/13 3:33:01 PM,C,12.668
2/3/13 4:33:01 PM,C,12.668
2/3/13 5:33:01 PM,C,11.164
2/3/13 6:33:01 PM,C,10.161
2/3/13 7:33:01 PM,C,11.164
2/3/13 8:33:01 PM,C,11.164
2/3/13 9:33:01 PM,C,10.662
2/3/13 10:33:01 PM,C,10.161
2/3/13 11:33:01 PM,C,9.659
2/4/13 12:33:01 AM,C,9.659
2/4/13 1:33:01 AM,C,9.157
2/4/13 2:33:01 AM,C,8.655
2/4/13 3:33:01 AM,C,8.154
2/4/13 4:33:01 AM,C,7.652
2/4/13 5:33:01 AM,C,7.652
2/4/13 6:33:01 AM,C,7.15
2/4/13 7:33:01 AM,C,7.15
2/4/13 8:33:01 AM,C,6.146
2/4/13 9:33:01 AM,C,8.154
2/4/13 10:33:01 AM,C,14.172
2/4/13 11:33:01 AM,C,12.167
2/4/13 12:33:01 PM,C,15.676
2/4/13 1:33:01 PM,C,15.174
2/4/13 2:33:01 PM,C,14.673
2/4/13 3:33:01 PM,C,16.177
2/4/13 4:33:01 PM,C,13.17
2/4/13 5:33:01 PM,C,11.665
2/4/13 6:33:01 PM,C,10.662
2/4/13 7:33:01 PM,C,9.157
2/4/13 8:33:01 PM,C,6.648
2/4/13 9:33:01 PM,C,5.644
2/4/13 10:33:01 PM,C,5.644
2/4/13 11:33:01 PM,C,4.137
2/5/13 12:33:01 AM,C,3.132
2/5/13 1:33:01 AM,C,2.127
2/5/13 2:33:01 AM,C,4.639
2/5/13 3:33:01 AM,C,2.63
2/5/13 4:33:01 AM,C,2.63
2/5/13 5:33:01 AM,C,4.639
2/5/13 6:33:01 AM,C,1.625
2/5/13 7:33:01 AM,C,1.122
2/5/13 8:33:01 AM,C,1.122
2/5/13 9:33:01 AM,C,9.157
2/5/13 10:33:01 AM,C,14.673
2/5/13 11:33:01 AM,C,13.17
2/5/13 12:33:01 PM,C,16.177
2/5/13 1:33:01 PM,C,15.174
2/5/13 2:33:01 PM,C,14.172
2/5/13 3:33:01 PM,C,13.671
2/5/13 4:33:01 PM,C,16.177
2/5/13 5:33:01 PM,C,12.167
2/5/13 6:33:01 PM,C,6.648
2/5/13 7:33:01 PM,C,3.635
2/5/13 8:33:01 PM,C,2.127
2/5/13 9:33:01 PM,C,1.625
2/5/13 10:33:01 PM,C,1.122
2/5/13 11:33:01 PM,C,1.122
2/6/13 12:33:01 AM,C,1.122
2/6/13 1:33:01 AM,C,1.122
2/6/13 2:33:01 AM,C,0.619
2/6/13 3:33:01 AM,C,0.619
2/6/13 4:33:01 AM,C,0.117
2/6/13 5:33:01 AM,C,0.117
2/6/13 6:33:01 AM,C,0.619
2/6/13 7:33:01 AM,C,0.117
2/6/13 8:33:01 AM,C,0.619
2/6/13 9:33:01 AM,C,3.635
2/6/13 10:33:01 AM,C,16.678
2/6/13 11:33:01 AM,C,15.676
2/6/13 12:33:01 PM,C,15.174
2/6/13 1:33:01 PM,C,16.177
2/6/13 2:33:01 PM,C,15.676
2/6/13 3:33:01 PM,C,17.178
2/6/13 4:33:01 PM,C,14.172
2/6/13 5:33:01 PM,C,12.668
2/6/13 6:33:01 PM,C,12.167
2/6/13 7:33:01 PM,C,11.164
2/6/13 8:33:01 PM,C,10.662
2/6/13 9:33:01 PM,C,10.161
2/6/13 10:33:01 PM,C,9.659
2/6/13 11:33:01 PM,C,9.157
2/7/13 12:33:01 AM,C,7.652
2/7/13 1:33:01 AM,C,9.157
2/7/13 2:33:01 AM,C,8.154
2/7/13 3:33:01 AM,C,7.652
2/7/13 4:33:01 AM,C,8.154
2/7/13 5:33:01 AM,C,6.648
2/7/13 6:33:01 AM,C,4.639
2/7/13 7:33:01 AM,C,4.137
2/7/13 8:33:01 AM,C,6.146
2/7/13 9:33:01 AM,C,7.652
2/7/13 10:33:01 AM,C,14.172
2/7/13 11:33:01 AM,C,11.665
2/7/13 12:33:01 PM,C,14.673
2/7/13 1:33:01 PM,C,15.676
2/7/13 2:33:01 PM,C,15.676
2/7/13 3:33:01 PM,C,16.177
2/7/13 4:33:01 PM,C,15.676
2/7/13 5:33:01 PM,C,11.665
2/7/13 6:33:01 PM,C,5.644
2/7/13 7:33:01 PM,C,2.127
2/7/13 8:33:01 PM,C,0.117
2/7/13 9:33:01 PM,C,0.619
2/7/13 10:33:01 PM,C,2.63
2/7/13 11:33:01 PM,C,1.625
2/8/13 12:33:01 AM,C,0.619
2/8/13 1:33:01 AM,C,2.63
2/8/13 2:33:01 AM,C,3.635
2/8/13 3:33:01 AM,C,3.132
2/8/13 4:33:01 AM,C,3.132
2/8/13 5:33:01 AM,C,3.132
2/8/13 6:33:01 AM,C,4.137
2/8/13 7:33:01 AM,C,4.137
2/8/13 8:33:01 AM,C,4.137
2/8/13 9:33:01 AM,C,6.146
2/8/13 10:33:01 AM,C,12.167
2/8/13 11:33:01 AM,C,11.665
2/8/13 12:33:01 PM,C,14.172
2/8/13 1:33:01 PM,C,15.174
2/8/13 2:33:01 PM,C,15.174
2/8/13 3:33:01 PM,C,17.178
2/8/13 4:33:01 PM,C,12.167
2/8/13 5:33:01 PM,C,10.161
2/8/13 6:33:01 PM,C,10.161
2/8/13 7:33:01 PM,C,9.157
2/8/13 8:33:01 PM,C,9.659
2/8/13 9:33:01 PM,C,9.157
2/8/13 10:33:01 PM,C,11.665
2/8/13 11:33:01 PM,C,11.164
2/9/13 12:33:01 AM,C,11.164
2/9/13 1:33:01 AM,C,11.164
2/9/13 2:33:01 AM,C,11.164
2/9/13 3:33:01 AM,C,8.655
2/9/13 4:33:01 AM,C,6.648
2/9/13 5:33:01 AM,C,7.15
2/9/13 6:33:01 AM,C,7.652
2/9/13 7:33:01 AM,C,8.154
2/9/13 8:33:01 AM,C,9.157
2/9/13 9:33:01 AM,C,10.161
2/9/13 10:33:01 AM,C,12.167
2/9/13 11:33:01 AM,C,14.172
2/9/13 12:33:01 PM,C,15.174
2/9/13 1:33:01 PM,C,15.676
2/9/13 2:33:01 PM,C,16.678
2/9/13 3:33:01 PM,C,18.18
2/9/13 4:33:01 PM,C,16.678
2/9/13 5:33:01 PM,C,16.177
2/9/13 6:33:01 PM,C,14.673
2/9/13 7:33:01 PM,C,13.17
2/9/13 8:33:01 PM,C,6.146
2/9/13 9:33:01 PM,C,3.132
2/9/13 10:33:01 PM,C,3.132
2/9/13 11:33:01 PM,C,1.625
2/10/13 12:33:01 AM,C,1.122
2/10/13 1:33:01 AM,C,0.619
2/10/13 2:33:01 AM,C,0.117
2/10/13 3:33:01 AM,C,-0.386
2/10/13 4:33:01 AM,C,-2.901
2/10/13 5:33:01 AM,C,-2.398
2/10/13 6:33:01 AM,C,-2.901
2/10/13 7:33:01 AM,C,-2.901
2/10/13 8:33:01 AM,C,-3.404
2/10/13 9:33:01 AM,C,1.122
2/10/13 10:33:01 AM,C,8.154
2/10/13 11:33:01 AM,C,7.15
2/10/13 12:33:01 PM,C,8.655
2/10/13 1:33:01 PM,C,9.157
2/10/13 2:33:01 PM,C,9.659
2/10/13 3:33:01 PM,C,10.662
2/10/13 4:33:01 PM,C,11.164
2/10/13 5:33:01 PM,C,7.15
2/10/13 6:33:01 PM,C,2.63
2/10/13 7:33:01 PM,C,0.117
2/10/13 8:33:01 PM,C,-0.889
2/10/13 9:33:01 PM,C,-1.392
2/10/13 10:33:01 PM,C,2.63
2/10/13 11:33:01 PM,C,1.625
2/11/13 12:33:01 AM,C,2.127
2/11/13 1:33:01 AM,C,-2.398
2/11/13 2:33:01 AM,C,-2.398
2/11/13 3:33:01 AM,C,-2.901
2/11/13 4:33:01 AM,C,-2.398
2/11/13 5:33:01 AM,C,-2.901
2/11/13 6:33:01 AM,C,-2.398
2/11/13 7:33:01 AM,C,-0.889
2/11/13 8:33:01 AM,C,5.141
2/11/13 9:33:01 AM,C,7.652
2/11/13 10:33:01 AM,C,12.668
2/11/13 11:33:01 AM,C,11.665
2/11/13 12:33:01 PM,C,12.668
2/11/13 1:33:01 PM,C,12.668
2/11/13 2:33:01 PM,C,14.172
2/11/13 3:33:01 PM,C,15.174
2/11/13 4:33:01 PM,C,13.671
2/11/13 5:33:01 PM,C,11.665
2/11/13 6:33:01 PM,C,11.164
2/11/13 7:33:01 PM,C,9.157
2/11/13 8:33:01 PM,C,4.639
2/11/13 9:33:01 PM,C,2.63
2/11/13 10:33:01 PM,C,1.122
2/11/13 11:33:01 PM,C,0.117
2/12/13 12:33:01 AM,C,-0.889
2/12/13 1:33:01 AM,C,-0.386
2/12/13 2:33:01 AM,C,0.117
2/12/13 3:33:01 AM,C,1.122
2/12/13 4:33:01 AM,C,2.127
2/12/13 5:33:01 AM,C,-0.386
2/12/13 6:33:01 AM,C,-0.889
2/12/13 7:33:01 AM,C,-1.392
2/12/13 8:33:01 AM,C,-0.889
2/12/13 9:33:01 AM,C,-0.386
2/12/13 10:33:01 AM,C,3.132
2/12/13 11:33:01 AM,C,3.132
2/12/13 12:33:01 PM,C,5.141
2/12/13 1:33:01 PM,C,5.141
2/12/13 2:33:01 PM,C,6.146
2/12/13 3:33:01 PM,C,8.655
2/12/13 4:33:01 PM,C,8.655
2/12/13 5:33:01 PM,C,5.141
2/12/13 6:33:01 PM,C,2.127
2/12/13 7:33:01 PM,C,-0.889
2/12/13 8:33:01 PM,C,-2.398
2/12/13 9:33:01 PM,C,-4.914
2/12/13 10:33:01 PM,C,-5.921
2/12/13 11:33:01 PM,C,-6.424
2/13/13 12:33:01 AM,C,-6.927
2/13/13 1:33:01 AM,C,-6.424
2/13/13 2:33:01 AM,C,-5.417
2/13/13 3:33:01 AM,C,-6.927
2/13/13 4:33:01 AM,C,-7.431
2/13/13 5:33:01 AM,C,-7.935
2/13/13 6:33:01 AM,C,-8.438
2/13/13 7:33:01 AM,C,-8.438
2/13/13 8:33:01 AM,C,-7.935
2/13/13 9:33:01 AM,C,-0.889
2/13/13 10:33:01 AM,C,7.652
2/13/13 11:33:01 AM,C,7.652
2/13/13 12:33:01 PM,C,9.157
2/13/13 1:33:01 PM,C,8.154
2/13/13 2:33:01 PM,C,8.655
2/13/13 3:33:01 PM,C,10.662
2/13/13 4:33:01 PM,C,10.161
2/13/13 5:33:01 PM,C,6.648
2/13/13 6:33:01 PM,C,4.137
2/13/13 7:33:01 PM,C,2.63
2/13/13 8:33:01 PM,C,2.63
2/13/13 9:33:01 PM,C,0.117
2/13/13 10:33:01 PM,C,1.122
2/13/13 11:33:01 PM,C,1.122
2/14/13 12:33:01 AM,C,0.619
2/14/13 1:33:01 AM,C,0.619
2/14/13 2:33:01 AM,C,0.619
2/14/13 3:33:01 AM,C,1.122
2/14/13 4:33:01 AM,C,-0.889
2/14/13 5:33:01 AM,C,1.122
2/14/13 6:33:01 AM,C,1.625
2/14/13 7:33:01 AM,C,-1.895
2/14/13 8:33:01 AM,C,-2.398
2/14/13 9:33:01 AM,C,4.137
2/14/13 10:33:01 AM,C,11.164
2/14/13 11:33:01 AM,C,12.167
2/14/13 12:33:01 PM,C,12.668
2/14/13 1:33:01 PM,C,12.668
2/14/13 2:33:01 PM,C,12.668
2/14/13 3:33:01 PM,C,14.673
2/14/13 4:33:01 PM,C,14.172
2/14/13 5:33:01 PM,C,11.665
2/14/13 6:33:01 PM,C,6.146
2/14/13 7:33:01 PM,C,1.122
2/14/13 8:33:01 PM,C,1.625
2/14/13 9:33:01 PM,C,-0.889
2/14/13 10:33:01 PM,C,-1.895
2/14/13 11:33:01 PM,C,-2.398
2/15/13 12:33:01 AM,C,-3.404
2/15/13 1:33:01 AM,C,-3.907
2/15/13 2:33:01 AM,C,-3.404
2/15/13 3:33:01 AM,C,-3.907
2/15/13 4:33:01 AM,C,-4.41
2/15/13 5:33:01 AM,C,-1.895
2/15/13 6:33:01 AM,C,-2.398
2/15/13 7:33:01 AM,C,-2.901
2/15/13 8:33:01 AM,C,-2.901
2/15/13 9:33:01 AM,C,-2.901
2/15/13 10:33:01 AM,C,-0.889
2/15/13 11:33:01 AM,C,0.117
2/15/13 12:33:01 PM,C,6.146
2/15/13 1:33:01 PM,C,7.652
2/15/13 2:33:01 PM,C,8.655
2/15/13 3:33:01 PM,C,10.662
2/15/13 4:33:01 PM,C,10.161
2/15/13 5:33:01 PM,C,4.639
2/15/13 6:33:01 PM,C,2.127
2/15/13 7:33:01 PM,C,-1.895
2/15/13 8:33:01 PM,C,-3.907
2/15/13 9:33:01 PM,C,-4.41
2/15/13 10:33:01 PM,C,-4.914
2/15/13 11:33:01 PM,C,-5.417
2/16/13 12:33:01 AM,C,-5.417
2/16/13 1:33:01 AM,C,-5.417
2/16/13 2:33:01 AM,C,-5.417
2/16/13 3:33:01 AM,C,-5.921
2/16/13 4:33:01 AM,C,-5.921
2/16/13 5:33:01 AM,C,-6.927
2/16/13 6:33:01 AM,C,-6.927
2/16/13 7:33:01 AM,C,-6.424
2/16/13 8:33:01 AM,C,-5.921
2/16/13 9:33:01 AM,C,-0.386
2/16/13 10:33:01 AM,C,12.167
2/16/13 11:33:01 AM,C,11.164
2/16/13 12:33:01 PM,C,13.671
2/16/13 1:33:01 PM,C,13.671
2/16/13 2:33:01 PM,C,13.17
2/16/13 3:33:01 PM,C,13.671
2/16/13 4:33:01 PM,C,14.172
2/16/13 5:33:01 PM,C,10.662
2/16/13 6:33:01 PM,C,7.15
2/16/13 7:33:01 PM,C,5.141
2/16/13 8:33:01 PM,C,5.644
2/16/13 9:33:01 PM,C,5.644
2/16/13 10:33:01 PM,C,2.127
2/16/13 11:33:01 PM,C,3.132
2/17/13 12:33:01 AM,C,5.644
2/17/13 1:33:01 AM,C,5.141
2/17/13 2:33:01 AM,C,5.644
2/17/13 3:33:01 AM,C,5.141
2/17/13 4:33:01 AM,C,4.137
2/17/13 5:33:01 AM,C,3.132
2/17/13 6:33:01 AM,C,1.122
2/17/13 7:33:01 AM,C,4.639
2/17/13 8:33:01 AM,C,1.122
2/17/13 9:33:01 AM,C,9.157
2/17/13 10:33:01 AM,C,13.671
2/17/13 11:33:01 AM,C,13.17
2/17/13 12:33:01 PM,C,15.174
2/17/13 1:33:01 PM,C,16.678
2/17/13 2:33:01 PM,C,16.678
2/17/13 3:33:01 PM,C,18.681
2/17/13 4:33:01 PM,C,17.679
2/17/13 5:33:01 PM,C,14.172
2/17/13 6:33:01 PM,C,11.665
2/17/13 7:33:01 PM,C,9.659
2/17/13 8:33:01 PM,C,8.154
2/17/13 9:33:01 PM,C,8.655
2/17/13 10:33:01 PM,C,10.161
2/17/13 11:33:01 PM,C,10.662
2/18/13 12:33:01 AM,C,11.164
2/18/13 1:33:01 AM,C,10.662
2/18/13 2:33:01 AM,C,9.659
2/18/13 3:33:01 AM,C,9.157
2/18/13 4:33:01 AM,C,8.154
2/18/13 5:33:01 AM,C,7.652
2/18/13 6:33:01 AM,C,6.648
2/18/13 7:33:01 AM,C,6.146
2/18/13 8:33:01 AM,C,6.146
2/18/13 9:33:01 AM,C,7.652
2/18/13 10:33:01 AM,C,10.662
2/18/13 11:33:01 AM,C,11.665
2/18/13 12:33:01 PM,C,15.174
2/18/13 1:33:01 PM,C,14.172
2/18/13 2:33:01 PM,C,14.673
2/18/13 3:33:01 PM,C,14.673
2/18/13 4:33:01 PM,C,14.673
2/18/13 5:33:01 PM,C,12.167
2/18/13 6:33:01 PM,C,9.659
2/18/13 7:33:01 PM,C,2.127
2/18/13 8:33:01 PM,C,0.619
2/18/13 9:33:01 PM,C,0.117
2/18/13 10:33:01 PM,C,-0.889
2/18/13 11:33:01 PM,C,0.117
2/19/13 12:33:01 AM,C,1.122
2/19/13 1:33:01 AM,C,8.154
2/19/13 2:33:01 AM,C,7.652
2/19/13 3:33:01 AM,C,8.655
2/19/13 4:33:01 AM,C,9.659
2/19/13 5:33:01 AM,C,7.15
2/19/13 6:33:01 AM,C,10.161
2/19/13 7:33:01 AM,C,9.157
2/19/13 8:33:01 AM,C,10.662
2/19/13 9:33:01 AM,C,11.164
2/19/13 10:33:01 AM,C,12.167
2/19/13 11:33:01 AM,C,12.167
2/19/13 12:33:01 PM,C,12.167
2/19/13 1:33:01 PM,C,13.17
2/19/13 2:33:01 PM,C,12.167
2/19/13 3:33:01 PM,C,12.668
2/19/13 4:33:01 PM,C,12.167
2/19/13 5:33:01 PM,C,8.154
2/19/13 6:33:01 PM,C,6.146
2/19/13 7:33:01 PM,C,5.141
2/19/13 8:33:01 PM,C,5.644
2/19/13 9:33:01 PM,C,5.644
2/19/13 10:33:01 PM,C,3.635
2/19/13 11:33:01 PM,C,3.132
2/20/13 12:33:01 AM,C,5.141
2/20/13 1:33:01 AM,C,5.644
2/20/13 2:33:01 AM,C,4.137
2/20/13 3:33:01 AM,C,1.625
2/20/13 4:33:01 AM,C,1.122
2/20/13 5:33:01 AM,C,0.117
2/20/13 6:33:01 AM,C,0.117
2/20/13 7:33:01 AM,C,3.132
2/20/13 8:33:01 AM,C,7.15
2/20/13 9:33:01 AM,C,9.157
2/20/13 10:33:01 AM,C,14.172
2/20/13 11:33:01 AM,C,15.174
2/20/13 12:33:01 PM,C,16.678
2/20/13 1:33:01 PM,C,18.18
2/20/13 2:33:01 PM,C,18.681
2/20/13 3:33:01 PM,C,20.183
2/20/13 4:33:01 PM,C,20.683
2/20/13 5:33:01 PM,C,18.18
2/20/13 6:33:01 PM,C,17.679
2/20/13 7:33:01 PM,C,15.174
2/20/13 8:33:01 PM,C,11.665
2/20/13 9:33:01 PM,C,7.652
2/20/13 10:33:01 PM,C,6.146
2/20/13 11:33:01 PM,C,3.635
2/21/13 12:33:01 AM,C,0.117
2/21/13 1:33:01 AM,C,-0.889
2/21/13 2:33:01 AM,C,-1.895
2/21/13 3:33:01 AM,C,-1.895
2/21/13 4:33:01 AM,C,-2.398
2/21/13 5:33:01 AM,C,-2.901
2/21/13 6:33:01 AM,C,-2.901
2/21/13 7:33:01 AM,C,-3.404
2/21/13 8:33:01 AM,C,-3.404
2/21/13 9:33:01 AM,C,-0.889
2/21/13 10:33:01 AM,C,3.132
2/21/13 11:33:01 AM,C,3.635
2/21/13 12:33:01 PM,C,7.15
2/21/13 1:33:01 PM,C,6.146
2/21/13 2:33:01 PM,C,7.652
2/21/13 3:33:01 PM,C,9.157
2/21/13 4:33:01 PM,C,9.659
2/21/13 5:33:01 PM,C,7.652
2/21/13 6:33:01 PM,C,4.137
2/21/13 7:33:01 PM,C,3.132
2/21/13 8:33:01 PM,C,-0.889
2/21/13 9:33:01 PM,C,-0.386
2/21/13 10:33:01 PM,C,-1.392
2/21/13 11:33:01 PM,C,-3.404
2/22/13 12:33:01 AM,C,-2.901
2/22/13 1:33:01 AM,C,-4.41
2/22/13 2:33:01 AM,C,-4.914
2/22/13 3:33:01 AM,C,-5.921
2/22/13 4:33:01 AM,C,-5.921
2/22/13 5:33:01 AM,C,-6.424
2/22/13 6:33:01 AM,C,-4.914
2/22/13 7:33:01 AM,C,-5.921
2/22/13 8:33:01 AM,C,-5.921
2/22/13 9:33:01 AM,C,3.132
2/22/13 10:33:01 AM,C,10.161
2/22/13 11:33:01 AM,C,10.662
2/22/13 12:33:01 PM,C,13.671
2/22/13 1:33:01 PM,C,10.161
2/22/13 2:33:01 PM,C,9.659
2/22/13 3:33:01 PM,C,10.662
2/22/13 4:33:01 PM,C,10.662
2/22/13 5:33:01 PM,C,8.154
2/22/13 6:33:01 PM,C,5.141
2/22/13 7:33:01 PM,C,3.635
2/22/13 8:33:01 PM,C,2.127
2/22/13 9:33:01 PM,C,-0.889
2/22/13 10:33:01 PM,C,1.625
2/22/13 11:33:01 PM,C,3.132
2/23/13 12:33:01 AM,C,3.635
2/23/13 1:33:01 AM,C,3.132
2/23/13 2:33:01 AM,C,2.63
2/23/13 3:33:01 AM,C,2.127
2/23/13 4:33:01 AM,C,1.122
2/23/13 5:33:01 AM,C,0.619
2/23/13 6:33:01 AM,C,0.619
2/23/13 7:33:01 AM,C,1.122
2/23/13 8:33:01 AM,C,1.625
2/23/13 9:33:01 AM,C,6.146
2/23/13 10:33:01 AM,C,10.161
2/23/13 11:33:01 AM,C,11.164
2/23/13 12:33:01 PM,C,13.17
2/23/13 1:33:01 PM,C,11.665
2/23/13 2:33:01 PM,C,11.665
2/23/13 3:33:01 PM,C,13.671
2/23/13 4:33:01 PM,C,14.673
2/23/13 5:33:01 PM,C,12.167
2/23/13 6:33:01 PM,C,9.157
2/23/13 7:33:01 PM,C,8.154
2/23/13 8:33:01 PM,C,8.154
2/23/13 9:33:01 PM,C,8.154
2/23/13 10:33:01 PM,C,8.655
2/23/13 11:33:01 PM,C,4.639
2/24/13 12:33:01 AM,C,9.157
2/24/13 1:33:01 AM,C,9.659
2/24/13 2:33:01 AM,C,9.157
2/24/13 3:33:01 AM,C,8.655
2/24/13 4:33:01 AM,C,7.652
2/24/13 5:33:01 AM,C,6.146
2/24/13 6:33:01 AM,C,8.154
2/24/13 7:33:01 AM,C,8.154
2/24/13 8:33:01 AM,C,8.655
2/24/13 9:33:01 AM,C,12.668
2/24/13 10:33:01 AM,C,14.673
2/24/13 11:33:01 AM,C,15.676
2/24/13 12:33:01 PM,C,17.178
2/24/13 1:33:01 PM,C,15.676
2/24/13 2:33:01 PM,C,15.676
2/24/13 3:33:01 PM,C,18.18
2/24/13 4:33:01 PM,C,17.679
2/24/13 5:33:01 PM,C,15.174
2/24/13 6:33:01 PM,C,13.17
2/24/13 7:33:01 PM,C,10.662
2/24/13 8:33:01 PM,C,6.648
2/24/13 9:33:01 PM,C,1.625
2/24/13 10:33:01 PM,C,-0.386
2/24/13 11:33:01 PM,C,-0.889
2/25/13 12:33:01 AM,C,-1.895
2/25/13 1:33:01 AM,C,-3.907
2/25/13 2:33:01 AM,C,-3.907
2/25/13 3:33:01 AM,C,-4.41
2/25/13 4:33:01 AM,C,-5.417
2/25/13 5:33:01 AM,C,-5.921
2/25/13 6:33:01 AM,C,-5.921
2/25/13 7:33:01 AM,C,-5.921
2/25/13 8:33:01 AM,C,-5.417
2/25/13 9:33:01 AM,C,-3.907
2/25/13 10:33:01 AM,C,0.619
2/25/13 11:33:01 AM,C,3.132
2/25/13 12:33:01 PM,C,4.639
2/25/13 1:33:01 PM,C,5.141
2/25/13 2:33:01 PM,C,6.648
2/25/13 3:33:01 PM,C,6.648
2/25/13 4:33:01 PM,C,7.15
2/25/13 5:33:01 PM,C,4.639
2/25/13 6:33:01 PM,C,2.127
2/25/13 7:33:01 PM,C,1.122
2/25/13 8:33:01 PM,C,0.619
2/25/13 9:33:01 PM,C,0.117
2/25/13 10:33:01 PM,C,0.117
2/25/13 11:33:01 PM,C,-0.386
2/26/13 12:33:01 AM,C,-0.386
2/26/13 1:33:01 AM,C,-4.41
2/26/13 2:33:01 AM,C,-4.41
2/26/13 3:33:01 AM,C,-3.404
2/26/13 4:33:01 AM,C,0.619
2/26/13 5:33:01 AM,C,0.117
2/26/13 6:33:01 AM,C,0.117
2/26/13 7:33:01 AM,C,-2.398
2/26/13 8:33:01 AM,C,1.122
2/26/13 9:33:01 AM,C,6.146
2/26/13 10:33:01 AM,C,9.659
2/26/13 11:33:01 AM,C,11.665
2/26/13 12:33:01 PM,C,13.17
2/26/13 1:33:01 PM,C,12.668
2/26/13 2:33:01 PM,C,12.167
2/26/13 3:33:01 PM,C,13.17
2/26/13 4:33:01 PM,C,14.673
2/26/13 5:33:01 PM,C,11.665
2/26/13 6:33:01 PM,C,8.655
2/26/13 7:33:01 PM,C,7.652
2/26/13 8:33:01 PM,C,7.15
2/26/13 9:33:01 PM,C,7.652
2/26/13 10:33:01 PM,C,7.652
2/26/13 11:33:01 PM,C,6.648
2/27/13 12:33:01 AM,C,4.137
2/27/13 1:33:01 AM,C,0.619
2/27/13 2:33:01 AM,C,-3.907
2/27/13 3:33:01 AM,C,-4.914
2/27/13 4:33:01 AM,C,-4.41
2/27/13 5:33:01 AM,C,-3.907
2/27/13 6:33:01 AM,C,-4.41
2/27/13 7:33:01 AM,C,-6.927
2/27/13 8:33:01 AM,C,-5.921
2/27/13 9:33:01 AM,C,1.625
2/27/13 10:33:01 AM,C,3.635
2/27/13 11:33:01 AM,C,6.648
2/27/13 12:33:01 PM,C,8.655
2/27/13 1:33:01 PM,C,9.157
2/27/13 2:33:01 PM,C,8.655
2/27/13 3:33:01 PM,C,10.161
2/27/13 4:33:01 PM,C,9.659
2/27/13 5:33:01 PM,C,6.146
2/27/13 6:33:01 PM,C,3.132
2/27/13 7:33:01 PM,C,-0.386
2/27/13 8:33:01 PM,C,-2.901
2/27/13 9:33:01 PM,C,-3.907
2/27/13 10:33:01 PM,C,-4.914
2/27/13 11:33:01 PM,C,-5.417
2/28/13 12:33:01 AM,C,-2.398
2/28/13 1:33:01 AM,C,-2.398
2/28/13 2:33:01 AM,C,-3.907
2/28/13 3:33:01 AM,C,-3.907
2/28/13 4:33:01 AM,C,-6.424
2/28/13 5:33:01 AM,C,-3.907
2/28/13 6:33:01 AM,C,-4.41
2/28/13 7:33:01 AM,C,-4.914
2/28/13 8:33:01 AM,C,-4.41
2/28/13 9:33:01 AM,C,5.141
2/28/13 10:33:01 AM,C,6.648
2/28/13 11:33:01 AM,C,9.157
2/28/13 12:33:01 PM,C,12.167
2/28/13 1:33:01 PM,C,9.659
2/28/13 2:33:01 PM,C,10.161
2/28/13 3:33:01 PM,C,12.668
2/28/13 4:33:01 PM,C,11.164
2/28/13 5:33:01 PM,C,8.655
2/28/13 6:33:01 PM,C,4.639
2/28/13 7:33:01 PM,C,-0.889
2/28/13 8:33:01 PM,C,-2.398
2/28/13 9:33:01 PM,C,-3.907
2/28/13 10:33:01 PM,C,-4.914
2/28/13 11:33:01 PM,C,-4.41
3/1/13 12:33:01 AM,C,-3.907
3/1/13 1:33:01 AM,C,-5.417
3/1/13 2:33:01 AM,C,-3.404
3/1/13 3:33:01 AM,C,-3.907
3/1/13 4:33:01 AM,C,-4.41
3/1/13 5:33:01 AM,C,-3.907
3/1/13 6:33:01 AM,C,-3.404
3/1/13 7:33:01 AM,C,0.619
3/1/13 8:33:01 AM,C,2.63
3/1/13 9:33:01 AM,C,6.648
3/1/13 10:33:01 AM,C,7.652
3/1/13 11:33:01 AM,C,10.662
3/1/13 12:33:01 PM,C,12.167
3/1/13 1:33:01 PM,C,10.662
3/1/13 2:33:01 PM,C,12.167
3/1/13 3:33:01 PM,C,13.671
3/1/13 4:33:01 PM,C,12.668
3/1/13 5:33:01 PM,C,11.164
3/1/13 6:33:01 PM,C,6.648
3/1/13 7:33:01 PM,C,0.117
3/1/13 8:33:01 PM,C,-1.895
3/1/13 9:33:01 PM,C,-2.901
3/1/13 10:33:01 PM,C,-2.901
3/1/13 11:33:01 PM,C,-2.398
3/2/13 12:33:01 AM,C,-0.889
3/2/13 1:33:01 AM,C,-0.386
3/2/13 2:33:01 AM,C,0.117
3/2/13 3:33:01 AM,C,-1.392
3/2/13 4:33:01 AM,C,-1.392
3/2/13 5:33:01 AM,C,-1.895
3/2/13 6:33:01 AM,C,-1.895
3/2/13 7:33:01 AM,C,-2.398
3/2/13 8:33:01 AM,C,-1.392
3/2/13 9:33:01 AM,C,12.167
3/2/13 10:33:01 AM,C,13.17
3/2/13 11:33:01 AM,C,16.177
3/2/13 12:33:01 PM,C,17.679
3/2/13 1:33:01 PM,C,15.676
3/2/13 2:33:01 PM,C,17.178
3/2/13 3:33:01 PM,C,18.681
3/2/13 4:33:01 PM,C,17.679
3/2/13 5:33:01 PM,C,16.678
3/2/13 6:33:01 PM,C,11.665
3/2/13 7:33:01 PM,C,4.639
3/2/13 8:33:01 PM,C,2.63
3/2/13 9:33:01 PM,C,1.625
3/2/13 10:33:01 PM,C,1.625
3/2/13 11:33:01 PM,C,5.141
3/3/13 12:33:01 AM,C,9.157
3/3/13 1:33:01 AM,C,9.157
3/3/13 2:33:01 AM,C,9.157
3/3/13 3:33:01 AM,C,8.154
3/3/13 4:33:01 AM,C,7.15
3/3/13 5:33:01 AM,C,4.137
3/3/13 6:33:01 AM,C,4.137
3/3/13 7:33:01 AM,C,2.63
3/3/13 8:33:01 AM,C,5.141
3/3/13 9:33:01 AM,C,15.676
3/3/13 10:33:01 AM,C,16.678
3/3/13 11:33:01 AM,C,19.682
3/3/13 12:33:01 PM,C,21.184
3/3/13 1:33:01 PM,C,19.682
3/3/13 2:33:01 PM,C,20.683
3/3/13 3:33:01 PM,C,22.185
3/3/13 4:33:01 PM,C,21.684
3/3/13 5:33:01 PM,C,20.683
3/3/13 6:33:01 PM,C,16.177
3/3/13 7:33:01 PM,C,15.174
3/3/13 8:33:01 PM,C,14.673
3/3/13 9:33:01 PM,C,15.174
3/3/13 10:33:01 PM,C,13.17
3/3/13 11:33:01 PM,C,13.671
3/4/13 12:33:01 AM,C,12.167
3/4/13 1:33:01 AM,C,13.671
3/4/13 2:33:01 AM,C,13.671
3/4/13 3:33:01 AM,C,13.671
3/4/13 4:33:01 AM,C,13.17
3/4/13 5:33:01 AM,C,12.668
3/4/13 6:33:01 AM,C,12.167
3/4/13 7:33:01 AM,C,12.167
3/4/13 8:33:01 AM,C,12.167
3/4/13 9:33:01 AM,C,16.678
3/4/13 10:33:01 AM,C,18.18
3/4/13 11:33:01 AM,C,19.182
3/4/13 12:33:01 PM,C,20.183
3/4/13 1:33:01 PM,C,18.18
3/4/13 2:33:01 PM,C,19.182
3/4/13 3:33:01 PM,C,20.683
3/4/13 4:33:01 PM,C,21.184
3/4/13 5:33:01 PM,C,20.683
3/4/13 6:33:01 PM,C,18.18
3/4/13 7:33:01 PM,C,16.678
3/4/13 8:33:01 PM,C,16.678
3/4/13 9:33:01 PM,C,15.676
3/4/13 10:33:01 PM,C,14.172
3/4/13 11:33:01 PM,C,12.167
3/5/13 12:33:01 AM,C,11.164
3/5/13 1:33:01 AM,C,9.157
3/5/13 2:33:01 AM,C,7.652
3/5/13 3:33:01 AM,C,7.652
3/5/13 4:33:01 AM,C,3.635
3/5/13 5:33:01 AM,C,0.117
3/5/13 6:33:01 AM,C,-1.392
3/5/13 7:33:01 AM,C,-1.392
3/5/13 8:33:01 AM,C,-1.392
3/5/13 9:33:01 AM,C,2.63
3/5/13 10:33:01 AM,C,4.639
3/5/13 11:33:01 AM,C,11.665
3/5/13 12:33:01 PM,C,12.167
3/5/13 1:33:01 PM,C,14.172
3/5/13 2:33:01 PM,C,15.174
3/5/13 3:33:01 PM,C,16.177
3/5/13 4:33:01 PM,C,16.678
3/5/13 5:33:01 PM,C,12.167
3/5/13 6:33:01 PM,C,7.15
3/5/13 7:33:01 PM,C,5.644
3/5/13 8:33:01 PM,C,5.141
3/5/13 9:33:01 PM,C,2.127
3/5/13 10:33:01 PM,C,0.117
3/5/13 11:33:01 PM,C,2.127
3/6/13 12:33:01 AM,C,3.132
3/6/13 1:33:01 AM,C,4.137
3/6/13 2:33:01 AM,C,8.655
3/6/13 3:33:01 AM,C,9.659
3/6/13 4:33:01 AM,C,9.659
3/6/13 5:33:01 AM,C,8.655
3/6/13 6:33:01 AM,C,10.161
3/6/13 7:33:01 AM,C,10.662
3/6/13 8:33:01 AM,C,11.164
3/6/13 9:33:01 AM,C,13.671
3/6/13 10:33:01 AM,C,15.676
3/6/13 11:33:01 AM,C,17.178
3/6/13 12:33:01 PM,C,17.679
3/6/13 1:33:01 PM,C,20.183
3/6/13 2:33:01 PM,C,20.683
3/6/13 3:33:01 PM,C,18.18
3/6/13 4:33:01 PM,C,18.681
3/6/13 5:33:01 PM,C,18.18
3/6/13 6:33:01 PM,C,14.673
3/6/13 7:33:01 PM,C,12.167
3/6/13 8:33:01 PM,C,13.17
3/6/13 9:33:01 PM,C,13.17
3/6/13 10:33:01 PM,C,13.17
3/6/13 11:33:01 PM,C,13.671
3/7/13 12:33:01 AM,C,13.17
3/7/13 1:33:01 AM,C,13.17
3/7/13 2:33:01 AM,C,13.17
3/7/13 3:33:01 AM,C,12.668
3/7/13 4:33:01 AM,C,12.668
3/7/13 5:33:01 AM,C,12.668
3/7/13 6:33:01 AM,C,11.665
3/7/13 7:33:01 AM,C,9.659
3/7/13 8:33:01 AM,C,11.665
3/7/13 9:33:01 AM,C,17.679
3/7/13 10:33:01 AM,C,17.679
3/7/13 11:33:01 AM,C,20.683
3/7/13 12:33:01 PM,C,20.183
3/7/13 1:33:01 PM,C,20.683
3/7/13 2:33:01 PM,C,20.183
3/7/13 3:33:01 PM,C,20.183
3/7/13 4:33:01 PM,C,21.184
3/7/13 5:33:01 PM,C,17.679
3/7/13 6:33:01 PM,C,17.178
3/7/13 7:33:01 PM,C,12.668
3/7/13 8:33:01 PM,C,10.161
3/7/13 9:33:01 PM,C,9.157
3/7/13 10:33:01 PM,C,11.164
3/7/13 11:33:01 PM,C,12.668
3/8/13 12:33:01 AM,C,13.17
3/8/13 1:33:01 AM,C,11.665
3/8/13 2:33:01 AM,C,10.662
3/8/13 3:33:01 AM,C,10.662
3/8/13 4:33:01 AM,C,10.161
3/8/13 5:33:01 AM,C,12.167
3/8/13 6:33:01 AM,C,11.665
3/8/13 7:33:01 AM,C,12.167
3/8/13 8:33:01 AM,C,11.665
3/8/13 9:33:01 AM,C,14.673
3/8/13 10:33:01 AM,C,14.673
3/8/13 11:33:01 AM,C,18.681
3/8/13 12:33:01 PM,C,19.682
3/8/13 1:33:01 PM,C,18.681
3/8/13 2:33:01 PM,C,19.182
3/8/13 3:33:01 PM,C,18.681
3/8/13 4:33:01 PM,C,18.18
3/8/13 5:33:01 PM,C,18.18
3/8/13 6:33:01 PM,C,16.678
3/8/13 7:33:01 PM,C,16.177
3/8/13 8:33:01 PM,C,15.676
3/8/13 9:33:01 PM,C,15.676
3/8/13 10:33:01 PM,C,16.177
3/8/13 11:33:01 PM,C,14.172
3/9/13 12:33:01 AM,C,13.671
3/9/13 1:33:01 AM,C,13.17
3/9/13 2:33:01 AM,C,12.668
3/9/13 3:33:01 AM,C,11.665
3/9/13 4:33:01 AM,C,11.164
3/9/13 5:33:01 AM,C,10.662
3/9/13 6:33:01 AM,C,9.659
3/9/13 7:33:01 AM,C,9.157
3/9/13 8:33:01 AM,C,6.648
3/9/13 9:33:01 AM,C,11.164
3/9/13 10:33:01 AM,C,10.161
3/9/13 11:33:01 AM,C,12.668
3/9/13 12:33:01 PM,C,13.17
3/9/13 1:33:01 PM,C,13.671
3/9/13 2:33:01 PM,C,13.671
3/9/13 3:33:01 PM,C,14.172
3/9/13 4:33:01 PM,C,15.676
3/9/13 5:33:01 PM,C,12.668
3/9/13 6:33:01 PM,C,10.161
3/9/13 7:33:01 PM,C,7.652
3/9/13 8:33:01 PM,C,5.644
3/9/13 9:33:01 PM,C,4.137
3/9/13 10:33:01 PM,C,3.132
3/9/13 11:33:01 PM,C,2.127
3/10/13 12:33:01 AM,C,2.127
3/10/13 1:33:01 AM,C,1.122
3/10/13 2:33:01 AM,C,1.122
3/10/13 3:33:01 AM,C,-1.895
3/10/13 4:33:01 AM,C,-3.404
3/10/13 5:33:01 AM,C,-3.907
3/10/13 6:33:01 AM,C,-2.398
3/10/13 7:33:01 AM,C,-3.907
3/10/13 8:33:01 AM,C,-2.901
3/10/13 9:33:01 AM,C,2.63
3/10/13 10:33:01 AM,C,2.63
3/10/13 11:33:01 AM,C,6.648
3/10/13 12:33:01 PM,C,8.154
3/10/13 1:33:01 PM,C,7.15
3/10/13 2:33:01 PM,C,7.15
3/10/13 3:33:01 PM,C,9.659
3/10/13 4:33:01 PM,C,9.659
3/10/13 5:33:01 PM,C,7.15
3/10/13 6:33:01 PM,C,3.132
3/10/13 7:33:01 PM,C,-0.386
3/10/13 8:33:01 PM,C,-2.398
3/10/13 9:33:01 PM,C,-2.901
3/10/13 10:33:01 PM,C,-3.907
3/10/13 11:33:01 PM,C,-4.41
3/11/13 12:33:01 AM,C,-3.907
3/11/13 1:33:01 AM,C,-4.41
3/11/13 2:33:01 AM,C,-4.41
3/11/13 3:33:01 AM,C,-4.914
3/11/13 4:33:01 AM,C,-4.914
3/11/13 5:33:01 AM,C,-4.914
3/11/13 6:33:01 AM,C,-5.417
3/11/13 7:33:01 AM,C,-5.417
3/11/13 8:33:01 AM,C,-0.386
3/11/13 9:33:01 AM,C,7.15
3/11/13 10:33:01 AM,C,8.154
3/11/13 11:33:01 AM,C,10.662
3/11/13 12:33:01 PM,C,12.668
3/11/13 1:33:01 PM,C,13.17
3/11/13 2:33:01 PM,C,12.668
3/11/13 3:33:01 PM,C,16.177
3/11/13 4:33:01 PM,C,16.177
3/11/13 5:33:01 PM,C,13.17
3/11/13 6:33:01 PM,C,10.161
3/11/13 7:33:01 PM,C,6.648
3/11/13 8:33:01 PM,C,7.15
3/11/13 9:33:01 PM,C,7.15
3/11/13 10:33:01 PM,C,7.652
3/11/13 11:33:01 PM,C,7.652
3/12/13 12:33:01 AM,C,8.154
3/12/13 1:33:01 AM,C,6.648
3/12/13 2:33:01 AM,C,5.141
3/12/13 3:33:01 AM,C,1.122
3/12/13 4:33:01 AM,C,0.619
3/12/13 5:33:01 AM,C,0.117
3/12/13 6:33:01 AM,C,-0.386
3/12/13 7:33:01 AM,C,-0.386
3/12/13 8:33:01 AM,C,0.619
3/12/13 9:33:01 AM,C,15.676
3/12/13 10:33:01 AM,C,16.678
3/12/13 11:33:01 AM,C,18.681
3/12/13 12:33:01 PM,C,17.679
3/12/13 1:33:01 PM,C,17.679
3/12/13 2:33:01 PM,C,18.18
3/12/13 3:33:01 PM,C,18.18
3/12/13 4:33:01 PM,C,18.18
3/12/13 5:33:01 PM,C,14.673
3/12/13 6:33:01 PM,C,10.662
3/12/13 7:33:01 PM,C,6.648
3/12/13 8:33:01 PM,C,4.639
3/12/13 9:33:01 PM,C,2.127
3/12/13 10:33:01 PM,C,1.122
3/12/13 11:33:01 PM,C,1.625
3/13/13 12:33:01 AM,C,3.132
3/13/13 1:33:01 AM,C,0.619
3/13/13 2:33:01 AM,C,-1.392
3/13/13 3:33:01 AM,C,-0.889
3/13/13 4:33:01 AM,C,-0.889
3/13/13 5:33:01 AM,C,-1.392
3/13/13 6:33:01 AM,C,-1.895
3/13/13 7:33:01 AM,C,-1.895
3/13/13 8:33:01 AM,C,0.117
3/13/13 9:33:01 AM,C,13.671
3/13/13 10:33:01 AM,C,17.178
3/13/13 11:33:01 AM,C,19.182
3/13/13 12:33:01 PM,C,20.183
3/13/13 1:33:01 PM,C,19.182
3/13/13 2:33:01 PM,C,20.683
3/13/13 3:33:01 PM,C,22.185
3/13/13 4:33:01 PM,C,22.185
3/13/13 5:33:01 PM,C,18.681
3/13/13 6:33:01 PM,C,15.174
3/13/13 7:33:01 PM,C,9.157
3/13/13 8:33:01 PM,C,6.146
3/13/13 9:33:01 PM,C,7.652
3/13/13 10:33:01 PM,C,5.141
3/13/13 11:33:01 PM,C,3.635
3/14/13 12:33:01 AM,C,2.63
3/14/13 1:33:01 AM,C,2.63
3/14/13 2:33:01 AM,C,3.635
3/14/13 3:33:01 AM,C,2.127
3/14/13 4:33:01 AM,C,1.625
3/14/13 5:33:01 AM,C,1.625
3/14/13 6:33:01 AM,C,1.625
3/14/13 7:33:01 AM,C,2.127
3/14/13 8:33:01 AM,C,2.63
3/14/13 9:33:01 AM,C,17.679
3/14/13 10:33:01 AM,C,18.681
3/14/13 11:33:01 AM,C,22.185
3/14/13 12:33:01 PM,C,22.685
3/14/13 1:33:01 PM,C,22.185
3/14/13 2:33:01 PM,C,23.185
3/14/13 3:33:01 PM,C,23.685
3/14/13 4:33:01 PM,C,25.686
3/14/13 5:33:01 PM,C,22.185
3/14/13 6:33:01 PM,C,17.679
3/14/13 7:33:01 PM,C,10.161
3/14/13 8:33:01 PM,C,7.652
3/14/13 9:33:01 PM,C,6.146
3/14/13 10:33:01 PM,C,5.141
3/14/13 11:33:01 PM,C,9.659
3/15/13 12:33:01 AM,C,5.644
3/15/13 1:33:01 AM,C,9.157
3/15/13 2:33:01 AM,C,10.662
3/15/13 3:33:01 AM,C,6.648
3/15/13 4:33:01 AM,C,8.655
3/15/13 5:33:01 AM,C,4.639
3/15/13 6:33:01 AM,C,4.137
3/15/13 7:33:01 AM,C,4.639
3/15/13 8:33:01 AM,C,5.644
3/15/13 9:33:01 AM,C,19.182
3/15/13 10:33:01 AM,C,21.184
3/15/13 11:33:01 AM,C,23.685
3/15/13 12:33:01 PM,C,24.185
3/15/13 1:33:01 PM,C,23.185
3/15/13 2:33:01 PM,C,24.686
3/15/13 3:33:01 PM,C,26.685
3/15/13 4:33:01 PM,C,26.185
3/15/13 5:33:01 PM,C,22.685
3/15/13 6:33:01 PM,C,19.182
3/15/13 7:33:01 PM,C,11.164
3/15/13 8:33:01 PM,C,8.655
3/15/13 9:33:01 PM,C,8.154
3/15/13 10:33:01 PM,C,6.648
3/15/13 11:33:01 PM,C,6.648
3/16/13 12:33:01 AM,C,8.655
3/16/13 1:33:01 AM,C,9.659
3/16/13 2:33:01 AM,C,9.157
3/16/13 3:33:01 AM,C,13.17
3/16/13 4:33:01 AM,C,8.154
3/16/13 5:33:01 AM,C,7.15
3/16/13 6:33:01 AM,C,8.154
3/16/13 7:33:01 AM,C,6.648
3/16/13 8:33:01 AM,C,10.662
3/16/13 9:33:01 AM,C,18.681
3/16/13 10:33:01 AM,C,21.184
3/16/13 11:33:01 AM,C,24.686
3/16/13 12:33:01 PM,C,25.186
3/16/13 1:33:01 PM,C,23.185
3/16/13 2:33:01 PM,C,23.185
3/16/13 3:33:01 PM,C,24.185
3/16/13 4:33:01 PM,C,25.186
3/16/13 5:33:01 PM,C,22.185
3/16/13 6:33:01 PM,C,19.182
3/16/13 7:33:01 PM,C,17.178
3/16/13 8:33:01 PM,C,12.167
3/16/13 9:33:01 PM,C,8.154
3/16/13 10:33:01 PM,C,7.652
3/16/13 11:33:01 PM,C,8.655
3/17/13 12:33:01 AM,C,10.161
3/17/13 1:33:01 AM,C,11.665
3/17/13 2:33:01 AM,C,10.161
3/17/13 3:33:01 AM,C,9.659
3/17/13 4:33:01 AM,C,12.167
3/17/13 5:33:01 AM,C,10.161
3/17/13 6:33:01 AM,C,12.668
3/17/13 7:33:01 AM,C,12.167
3/17/13 8:33:01 AM,C,12.668
3/17/13 9:33:01 AM,C,15.174
3/17/13 10:33:01 AM,C,16.678
3/17/13 11:33:01 AM,C,19.182
3/17/13 12:33:01 PM,C,20.183
3/17/13 1:33:01 PM,C,20.183
3/17/13 2:33:01 PM,C,20.183
3/17/13 3:33:01 PM,C,22.185
3/17/13 4:33:01 PM,C,23.185
3/17/13 5:33:01 PM,C,19.682
3/17/13 6:33:01 PM,C,17.679
3/17/13 7:33:01 PM,C,16.177
3/17/13 8:33:01 PM,C,15.676
3/17/13 9:33:01 PM,C,14.673
3/17/13 10:33:01 PM,C,14.673
3/17/13 11:33:01 PM,C,13.671
3/18/13 12:33:01 AM,C,13.17
3/18/13 1:33:01 AM,C,12.167
3/18/13 2:33:01 AM,C,12.668
3/18/13 3:33:01 AM,C,11.665
3/18/13 4:33:01 AM,C,12.167
3/18/13 5:33:01 AM,C,11.164
3/18/13 6:33:01 AM,C,10.161
3/18/13 7:33:01 AM,C,7.652
3/18/13 8:33:01 AM,C,10.662
3/18/13 9:33:01 AM,C,13.671
3/18/13 10:33:01 AM,C,15.174
3/18/13 11:33:01 AM,C,18.681
3/18/13 12:33:01 PM,C,16.678
3/18/13 1:33:01 PM,C,18.681
3/18/13 2:33:01 PM,C,18.681
3/18/13 3:33:01 PM,C,20.183
3/18/13 4:33:01 PM,C,21.684
3/18/13 5:33:01 PM,C,17.679
3/18/13 6:33:01 PM,C,16.177
3/18/13 7:33:01 PM,C,13.671
3/18/13 8:33:01 PM,C,9.659
3/18/13 9:33:01 PM,C,8.154
3/18/13 10:33:01 PM,C,9.659
3/18/13 11:33:01 PM,C,9.659
3/19/13 12:33:01 AM,C,5.644
3/19/13 1:33:01 AM,C,6.146
3/19/13 2:33:01 AM,C,5.644
3/19/13 3:33:01 AM,C,5.141
3/19/13 4:33:01 AM,C,4.639
3/19/13 5:33:01 AM,C,4.639
3/19/13 6:33:01 AM,C,3.132
3/19/13 7:33:01 AM,C,3.132
3/19/13 8:33:01 AM,C,6.648
3/19/13 9:33:01 AM,C,15.676
3/19/13 10:33:01 AM,C,18.18
3/19/13 11:33:01 AM,C,20.183
3/19/13 12:33:01 PM,C,21.684
3/19/13 1:33:01 PM,C,20.183
3/19/13 2:33:01 PM,C,19.682
3/19/13 3:33:01 PM,C,18.681
3/19/13 4:33:01 PM,C,19.682
3/19/13 5:33:01 PM,C,19.182
3/19/13 6:33:01 PM,C,17.178
3/19/13 7:33:01 PM,C,13.17
3/19/13 8:33:01 PM,C,10.662
3/19/13 9:33:01 PM,C,11.665
3/19/13 10:33:01 PM,C,6.648
3/19/13 11:33:01 PM,C,5.141
3/20/13 12:33:01 AM,C,6.146
3/20/13 1:33:01 AM,C,5.141
3/20/13 2:33:01 AM,C,4.137
3/20/13 3:33:01 AM,C,7.15
3/20/13 4:33:01 AM,C,6.146
3/20/13 5:33:01 AM,C,6.146
3/20/13 6:33:01 AM,C,6.146
3/20/13 7:33:01 AM,C,5.644
3/20/13 8:33:01 AM,C,8.154
3/20/13 9:33:01 AM,C,10.662
3/20/13 10:33:01 AM,C,13.17
3/20/13 11:33:01 AM,C,15.174
3/20/13 12:33:01 PM,C,16.678
3/20/13 1:33:01 PM,C,16.678
3/20/13 2:33:01 PM,C,18.18
3/20/13 3:33:01 PM,C,18.681
3/20/13 4:33:01 PM,C,18.681
3/20/13 5:33:01 PM,C,17.679
3/20/13 6:33:01 PM,C,14.673
3/20/13 7:33:01 PM,C,12.167
3/20/13 8:33:01 PM,C,10.161
3/20/13 9:33:01 PM,C,11.164
3/20/13 10:33:01 PM,C,11.665
3/20/13 11:33:01 PM,C,12.668
3/21/13 12:33:01 AM,C,13.671
3/21/13 1:33:01 AM,C,14.172
3/21/13 2:33:01 AM,C,13.671
3/21/13 3:33:01 AM,C,14.673
3/21/13 4:33:01 AM,C,14.673
3/21/13 5:33:01 AM,C,13.17
3/21/13 6:33:01 AM,C,13.17
3/21/13 7:33:01 AM,C,13.671
3/21/13 8:33:01 AM,C,15.174
3/21/13 9:33:01 AM,C,17.178
3/21/13 10:33:01 AM,C,19.182
3/21/13 11:33:01 AM,C,21.684
3/21/13 12:33:01 PM,C,19.682
3/21/13 1:33:01 PM,C,19.682
3/21/13 2:33:01 PM,C,20.683
3/21/13 3:33:01 PM,C,23.185
3/21/13 4:33:01 PM,C,20.683
3/21/13 5:33:01 PM,C,21.184
3/21/13 6:33:01 PM,C,18.681
3/21/13 7:33:01 PM,C,16.177
3/21/13 8:33:01 PM,C,16.177
3/21/13 9:33:01 PM,C,10.662
3/21/13 10:33:01 PM,C,13.671
3/21/13 11:33:01 PM,C,14.172
3/22/13 12:33:01 AM,C,11.164
3/22/13 1:33:01 AM,C,11.665
3/22/13 2:33:01 AM,C,10.161
3/22/13 3:33:01 AM,C,8.655
3/22/13 4:33:01 AM,C,6.648
3/22/13 5:33:01 AM,C,5.644
3/22/13 6:33:01 AM,C,4.137
3/22/13 7:33:01 AM,C,6.146
3/22/13 8:33:01 AM,C,13.671
3/22/13 9:33:01 AM,C,15.676
3/22/13 10:33:01 AM,C,18.18
3/22/13 11:33:01 AM,C,20.683
3/22/13 12:33:01 PM,C,20.683
3/22/13 1:33:01 PM,C,20.183
3/22/13 2:33:01 PM,C,20.683
3/22/13 3:33:01 PM,C,21.684
3/22/13 4:33:01 PM,C,24.185
3/22/13 5:33:01 PM,C,20.683
3/22/13 6:33:01 PM,C,18.18
3/22/13 7:33:01 PM,C,17.178
3/22/13 8:33:01 PM,C,15.676
3/22/13 9:33:01 PM,C,16.177
3/22/13 10:33:01 PM,C,11.665
3/22/13 11:33:01 PM,C,10.161
3/23/13 12:33:01 AM,C,12.167
3/23/13 1:33:01 AM,C,10.662
3/23/13 2:33:01 AM,C,10.161
3/23/13 3:33:01 AM,C,12.167
3/23/13 4:33:01 AM,C,10.662
3/23/13 5:33:01 AM,C,8.655
3/23/13 6:33:01 AM,C,10.161
3/23/13 7:33:01 AM,C,10.161
3/23/13 8:33:01 AM,C,10.662
3/23/13 9:33:01 AM,C,12.167
3/23/13 10:33:01 AM,C,15.174
3/23/13 11:33:01 AM,C,16.177
3/23/13 12:33:01 PM,C,16.678
3/23/13 1:33:01 PM,C,17.178
3/23/13 2:33:01 PM,C,17.178
3/23/13 3:33:01 PM,C,18.681
3/23/13 4:33:01 PM,C,17.679
3/23/13 5:33:01 PM,C,16.177
3/23/13 6:33:01 PM,C,15.174
3/23/13 7:33:01 PM,C,13.671
3/23/13 8:33:01 PM,C,12.668
3/23/13 9:33:01 PM,C,11.665
3/23/13 10:33:01 PM,C,11.164
3/23/13 11:33:01 PM,C,5.141
3/24/13 12:33:01 AM,C,1.122
3/24/13 1:33:01 AM,C,-0.386
3/24/13 2:33:01 AM,C,-1.895
3/24/13 3:33:01 AM,C,-3.404
3/24/13 4:33:01 AM,C,-5.417
3/24/13 5:33:01 AM,C,-6.424
3/24/13 6:33:01 AM,C,-6.927
3/24/13 7:33:01 AM,C,-6.927
3/24/13 8:33:01 AM,C,-3.907
3/24/13 9:33:01 AM,C,2.127
3/24/13 10:33:01 AM,C,8.655
3/24/13 11:33:01 AM,C,12.668
3/24/13 12:33:01 PM,C,12.668
3/24/13 1:33:01 PM,C,11.665
3/24/13 2:33:01 PM,C,13.17
3/24/13 3:33:01 PM,C,16.177
3/24/13 4:33:01 PM,C,15.676
3/24/13 5:33:01 PM,C,12.668
3/24/13 6:33:01 PM,C,10.662
3/24/13 7:33:01 PM,C,6.648
3/24/13 8:33:01 PM,C,3.132
3/24/13 9:33:01 PM,C,1.625
3/24/13 10:33:01 PM,C,0.117
3/24/13 11:33:01 PM,C,1.122
3/25/13 12:33:01 AM,C,1.625
3/25/13 1:33:01 AM,C,1.122
3/25/13 2:33:01 AM,C,1.625
3/25/13 3:33:01 AM,C,1.122
3/25/13 4:33:01 AM,C,-2.398
3/25/13 5:33:01 AM,C,-3.404
